time;ax;ay;az;Latitude;Longitude;Speed (m/s)
0,04;0,00;0,00;0,00;0,00;0,00;0,00
0,04;0,00;0,00;0,00;55,75;48,74;0,33
0,06;0,00;0,00;0,00;55,75;48,74;0,33
0,07;0,00;0,00;0,00;55,75;48,74;0,33
0,09;0,00;0,00;0,00;55,75;48,74;0,33
0,11;0,00;0,00;0,00;55,75;48,74;0,33
0,13;0,00;0,00;0,00;55,75;48,74;0,33
0,13;0,00;0,00;0,00;55,75;48,74;0,33
0,13;0,00;0,00;0,00;55,75;48,74;0,33
0,15;0,00;0,00;0,00;55,75;48,74;0,33
0,17;0,00;0,00;0,00;55,75;48,74;0,33
0,19;0,00;0,00;0,00;55,75;48,74;0,33
0,19;0,00;0,00;0,00;55,75;48,74;0,33
0,19;0,03;0,23;0,24;55,75;48,74;0,33
0,21;0,03;0,23;0,24;55,75;48,74;0,33
0,23;0,03;0,23;0,24;55,75;48,74;0,33
0,25;0,03;0,23;0,24;55,75;48,74;0,33
0,27;0,03;0,23;0,24;55,75;48,74;0,33
0,27;0,03;0,23;0,24;55,75;48,74;0,33
0,27;-0,18;0,19;0,32;55,75;48,74;0,33
0,29;-0,18;0,19;0,32;55,75;48,74;0,33
0,31;-0,18;0,19;0,32;55,75;48,74;0,33
0,33;-0,18;0,19;0,32;55,75;48,74;0,33
0,33;-1,13;-0,34;1,31;55,75;48,74;0,33
0,33;-1,13;-0,34;1,31;55,75;48,74;0,33
0,35;-1,13;-0,34;1,31;55,75;48,74;0,33
0,37;-1,13;-0,34;1,31;55,75;48,74;0,33
0,39;-1,13;-0,34;1,31;55,75;48,74;0,33
0,39;-1,13;-0,34;1,31;55,75;48,74;0,33
0,39;-0,26;-0,60;1,35;55,75;48,74;0,33
0,41;-0,26;-0,60;1,35;55,75;48,74;0,33
0,43;-0,26;-0,60;1,35;55,75;48,74;0,33
0,45;-0,26;-0,60;1,35;55,75;48,74;0,33
0,47;-0,26;-0,60;1,35;55,75;48,74;0,33
0,47;-0,46;-2,17;1,23;55,75;48,74;0,33
0,47;-0,46;-2,17;1,23;55,75;48,74;0,33
0,49;-0,46;-2,17;1,23;55,75;48,74;0,33
0,51;-0,46;-2,17;1,23;55,75;48,74;0,33
0,52;-0,46;-2,17;1,23;55,75;48,74;0,33
0,53;-0,31;-1,57;-0,79;55,75;48,74;0,33
0,53;-0,31;-1,57;-0,79;55,75;48,74;0,33
0,55;-0,31;-1,57;-0,79;55,75;48,74;0,33
0,56;-0,31;-1,57;-0,79;55,75;48,74;0,33
0,58;-0,31;-1,57;-0,79;55,75;48,74;0,33
0,60;-0,31;-1,57;-0,79;55,75;48,74;0,33
0,60;-0,31;-1,57;-0,79;55,75;48,74;0,33
0,60;-0,07;-1,20;-0,80;55,75;48,74;0,33
0,62;-0,07;-1,20;-0,80;55,75;48,74;0,33
0,64;-0,07;-1,20;-0,80;55,75;48,74;0,33
0,66;-0,07;-1,20;-0,80;55,75;48,74;0,33
0,66;-0,07;-1,20;-0,80;55,75;48,74;0,33
0,66;-0,32;-0,87;-1,15;55,75;48,74;0,33
0,68;-0,32;-0,87;-1,15;55,75;48,74;0,33
0,70;-0,32;-0,87;-1,15;55,75;48,74;0,33
0,72;-0,32;-0,87;-1,15;55,75;48,74;0,33
0,72;-0,32;-0,87;-1,15;55,75;48,74;0,33
0,72;-0,08;-0,05;-2,53;55,75;48,74;0,33
0,74;-0,08;-0,05;-2,53;55,75;48,74;0,33
0,76;-0,08;-0,05;-2,53;55,75;48,74;0,33
0,78;-0,08;-0,05;-2,53;55,75;48,74;0,33
0,80;-0,08;-0,05;-2,53;55,75;48,74;0,33
0,80;-0,08;-0,05;-2,53;55,75;48,74;0,33
0,80;-0,52;-0,25;-0,21;55,75;48,74;0,33
0,82;-0,52;-0,25;-0,21;55,75;48,74;0,33
0,84;-0,52;-0,25;-0,21;55,75;48,74;0,33
0,86;-0,52;-0,25;-0,21;55,75;48,74;0,33
0,86;-0,52;-0,25;-0,21;55,75;48,74;0,33
0,86;0,12;0,22;0,40;55,75;48,74;0,33
0,88;0,12;0,22;0,40;55,75;48,74;0,33
0,90;0,12;0,22;0,40;55,75;48,74;0,33
0,92;0,12;0,22;0,40;55,75;48,74;0,33
0,92;0,12;0,22;0,40;55,75;48,74;0,33
0,92;-0,33;0,54;-0,59;55,75;48,74;0,33
0,94;-0,33;0,54;-0,59;55,75;48,74;0,33
0,96;-0,33;0,54;-0,59;55,75;48,74;0,33
0,98;-0,33;0,54;-0,59;55,75;48,74;0,33
1,00;-0,33;0,54;-0,59;55,75;48,74;0,39
1,00;-0,33;0,54;-0,59;55,75;48,74;0,39
1,00;0,34;0,82;1,51;55,75;48,74;0,39
1,02;0,34;0,82;1,51;55,75;48,74;0,39
1,04;0,34;0,82;1,51;55,75;48,74;0,39
1,06;0,34;0,82;1,51;55,75;48,74;0,39
1,06;0,97;0,59;1,68;55,75;48,74;0,39
1,06;0,97;0,59;1,68;55,75;48,74;0,39
1,08;0,97;0,59;1,68;55,75;48,74;0,39
1,10;0,97;0,59;1,68;55,75;48,74;0,39
1,11;0,97;0,59;1,68;55,75;48,74;0,39
1,13;0,97;0,59;1,68;55,75;48,74;0,39
1,14;0,97;0,59;1,68;55,75;48,74;0,39
1,14;0,40;-0,87;1,52;55,75;48,74;0,39
1,15;0,40;-0,87;1,52;55,75;48,74;0,39
1,17;0,40;-0,87;1,52;55,75;48,74;0,39
1,19;0,40;-0,87;1,52;55,75;48,74;0,39
1,19;0,09;-1,62;-0,43;55,75;48,74;0,39
1,20;0,09;-1,62;-0,43;55,75;48,74;0,39
1,21;0,09;-1,62;-0,43;55,75;48,74;0,39
1,23;0,09;-1,62;-0,43;55,75;48,74;0,39
1,25;0,09;-1,62;-0,43;55,75;48,74;0,39
1,25;0,09;-1,62;-0,43;55,75;48,74;0,39
1,25;0,92;-1,26;-0,71;55,75;48,74;0,39
1,27;0,92;-1,26;-0,71;55,75;48,74;0,39
1,29;0,92;-1,26;-0,71;55,75;48,74;0,39
1,31;0,92;-1,26;-0,71;55,75;48,74;0,39
1,33;0,92;-1,26;-0,71;55,75;48,74;0,39
1,33;0,92;-1,26;-0,71;55,75;48,74;0,39
1,33;0,00;-0,21;-1,43;55,75;48,74;0,39
1,35;0,00;-0,21;-1,43;55,75;48,74;0,39
1,37;0,00;-0,21;-1,43;55,75;48,74;0,39
1,39;0,00;-0,21;-1,43;55,75;48,74;0,39
1,39;-0,43;0,17;-2,28;55,75;48,74;0,39
1,39;-0,43;0,17;-2,28;55,75;48,74;0,39
1,41;-0,43;0,17;-2,28;55,75;48,74;0,39
1,43;-0,43;0,17;-2,28;55,75;48,74;0,39
1,45;-0,43;0,17;-2,28;55,75;48,74;0,39
1,47;-0,43;0,17;-2,28;55,75;48,74;0,39
1,47;-0,43;0,17;-2,28;55,75;48,74;0,39
1,47;-0,68;0,12;-1,59;55,75;48,74;0,39
1,49;-0,68;0,12;-1,59;55,75;48,74;0,39
1,51;-0,68;0,12;-1,59;55,75;48,74;0,39
1,53;-0,68;0,12;-1,59;55,75;48,74;0,39
1,53;0,32;0,44;-0,45;55,75;48,74;0,39
1,53;0,32;0,44;-0,45;55,75;48,74;0,39
1,55;0,32;0,44;-0,45;55,75;48,74;0,39
1,57;0,32;0,44;-0,45;55,75;48,74;0,39
1,59;0,32;0,44;-0,45;55,75;48,74;0,39
1,59;0,27;1,26;1,27;55,75;48,74;0,39
1,59;0,27;1,26;1,27;55,75;48,74;0,39
1,61;0,27;1,26;1,27;55,75;48,74;0,39
1,63;0,27;1,26;1,27;55,75;48,74;0,39
1,65;0,27;1,26;1,27;55,75;48,74;0,39
1,67;0,27;1,26;1,27;55,75;48,74;0,39
1,67;-0,29;1,37;2,19;55,75;48,74;0,39
1,67;-0,29;1,37;2,19;55,75;48,74;0,39
1,69;-0,29;1,37;2,19;55,75;48,74;0,39
1,71;-0,29;1,37;2,19;55,75;48,74;0,39
1,72;-0,29;1,37;2,19;55,75;48,74;0,39
1,73;-0,29;1,37;2,19;55,75;48,74;0,39
1,73;-1,17;0,88;3,56;55,75;48,74;0,39
1,74;-1,17;0,88;3,56;55,75;48,74;0,39
1,76;-1,17;0,88;3,56;55,75;48,74;0,39
1,78;-1,17;0,88;3,56;55,75;48,74;0,39
1,80;-1,17;0,88;3,56;55,75;48,74;0,39
1,81;-1,17;0,88;3,56;55,75;48,74;0,39
1,81;-0,48;-1,48;0,67;55,75;48,74;0,39
1,82;-0,48;-1,48;0,67;55,75;48,74;0,39
1,84;-0,48;-1,48;0,67;55,75;48,74;0,39
1,86;-0,48;-1,48;0,67;55,75;48,74;0,39
1,86;-0,48;-1,69;-1,32;55,75;48,74;0,39
1,86;-0,48;-1,69;-1,32;55,75;48,74;0,39
1,88;-0,48;-1,69;-1,32;55,75;48,74;0,39
1,90;-0,48;-1,69;-1,32;55,75;48,74;0,39
1,92;-0,48;-1,69;-1,32;55,75;48,74;0,39
1,92;-0,48;-1,69;-1,32;55,75;48,74;0,39
1,92;1,06;-1,81;-1,06;55,75;48,74;0,39
1,94;1,06;-1,81;-1,06;55,75;48,74;0,39
1,96;1,06;-1,81;-1,06;55,75;48,74;0,39
1,98;1,06;-1,81;-1,06;55,75;48,74;1,40
2,00;1,06;-1,81;-1,06;55,75;48,74;1,40
2,00;1,20;-0,67;-2,54;55,75;48,74;1,40
2,00;1,20;-0,67;-2,54;55,75;48,74;1,40
2,02;1,20;-0,67;-2,54;55,75;48,74;1,40
2,04;1,20;-0,67;-2,54;55,75;48,74;1,40
2,06;1,20;-0,67;-2,54;55,75;48,74;1,40
2,06;0,67;0,17;-2,24;55,75;48,74;1,40
2,06;0,67;0,17;-2,24;55,75;48,74;1,40
2,08;0,67;0,17;-2,24;55,75;48,74;1,40
2,10;0,67;0,17;-2,24;55,75;48,74;1,40
2,12;0,67;0,17;-2,24;55,75;48,74;1,40
2,12;0,67;0,17;-2,24;55,75;48,74;1,40
2,12;-0,02;0,47;-0,87;55,75;48,74;1,40
2,14;-0,02;0,47;-0,87;55,75;48,74;1,40
2,16;-0,02;0,47;-0,87;55,75;48,74;1,40
2,18;-0,02;0,47;-0,87;55,75;48,74;1,40
2,20;-0,02;0,47;-0,87;55,75;48,74;1,40
2,20;-0,02;0,47;-0,87;55,75;48,74;1,40
2,20;-1,67;0,83;0,61;55,75;48,74;1,40
2,22;-1,67;0,83;0,61;55,75;48,74;1,40
2,24;-1,67;0,83;0,61;55,75;48,74;1,40
2,26;-0,60;0,83;2,97;55,75;48,74;1,40
2,26;-0,60;0,83;2,97;55,75;48,74;1,40
2,26;-0,60;0,83;2,97;55,75;48,74;1,40
2,28;-0,60;0,83;2,97;55,75;48,74;1,40
2,30;-0,60;0,83;2,97;55,75;48,74;1,40
2,31;-0,60;0,83;2,97;55,75;48,74;1,40
2,33;-0,60;0,83;2,97;55,75;48,74;1,40
2,34;-0,60;0,83;2,97;55,75;48,74;1,40
2,34;0,02;1,77;2,62;55,75;48,74;1,40
2,35;0,02;1,77;2,62;55,75;48,74;1,40
2,37;0,02;1,77;2,62;55,75;48,74;1,40
2,40;0,02;1,77;2,62;55,75;48,74;1,40
2,40;0,02;1,77;2,62;55,75;48,74;1,40
2,40;1,38;0,97;2,13;55,75;48,74;1,40
2,41;1,38;0,97;2,13;55,75;48,74;1,40
2,43;1,38;0,97;2,13;55,75;48,74;1,40
2,45;1,38;0,97;2,13;55,75;48,74;1,40
2,45;0,12;-1,82;-0,46;55,75;48,74;1,40
2,45;0,12;-1,82;-0,46;55,75;48,74;1,40
2,47;0,12;-1,82;-0,46;55,75;48,74;1,40
2,49;0,12;-1,82;-0,46;55,75;48,74;1,40
2,51;0,12;-1,82;-0,46;55,75;48,74;1,40
2,53;0,12;-1,82;-0,46;55,75;48,74;1,40
2,53;0,73;-2,46;-0,81;55,75;48,74;1,40
2,53;0,73;-2,46;-0,81;55,75;48,74;1,40
2,55;0,73;-2,46;-0,81;55,75;48,74;1,40
2,57;0,73;-2,46;-0,81;55,75;48,74;1,40
2,59;0,73;-2,46;-0,81;55,75;48,74;1,40
2,59;1,28;-1,11;-0,67;55,75;48,74;1,40
2,59;1,28;-1,11;-0,67;55,75;48,74;1,40
2,61;1,28;-1,11;-0,67;55,75;48,74;1,40
2,63;1,28;-1,11;-0,67;55,75;48,74;1,40
2,65;1,28;-1,11;-0,67;55,75;48,74;1,40
2,67;1,28;-1,11;-0,67;55,75;48,74;1,40
2,67;1,28;-1,11;-0,67;55,75;48,74;1,40
2,67;-0,06;-0,32;-2,35;55,75;48,74;1,40
2,69;-0,06;-0,32;-2,35;55,75;48,74;1,40
2,71;-0,06;-0,32;-2,35;55,75;48,74;1,40
2,73;-0,06;-0,32;-2,35;55,75;48,74;1,40
2,73;-0,06;-0,32;-2,35;55,75;48,74;1,40
2,73;0,51;-0,15;-3,37;55,75;48,74;1,40
2,75;0,51;-0,15;-3,37;55,75;48,74;1,40
2,77;0,51;-0,15;-3,37;55,75;48,74;1,40
2,79;0,51;-0,15;-3,37;55,75;48,74;1,40
2,79;0,51;-0,15;-3,37;55,75;48,74;1,40
2,79;0,57;1,63;-3,59;55,75;48,74;1,40
2,81;0,57;1,63;-3,59;55,75;48,74;1,40
2,83;0,57;1,63;-3,59;55,75;48,74;1,40
2,85;0,57;1,63;-3,59;55,75;48,74;1,40
2,87;0,57;1,63;-3,59;55,75;48,74;1,40
2,87;0,57;1,63;-3,59;55,75;48,74;1,40
2,87;-0,80;0,66;2,33;55,75;48,74;1,40
2,89;-0,80;0,66;2,33;55,75;48,74;1,40
2,91;-0,80;0,66;2,33;55,75;48,74;1,40
2,92;-0,80;0,66;2,33;55,75;48,74;1,40
2,93;-0,80;0,66;2,33;55,75;48,74;1,40
2,93;-0,77;0,55;3,51;55,75;48,74;1,40
2,94;-0,77;0,55;3,51;55,75;48,74;1,40
2,96;-0,77;0,55;3,51;55,75;48,74;1,40
2,98;-0,77;0,55;3,51;55,75;48,74;1,40
3,00;-0,77;0,55;3,51;55,75;48,74;1,33
3,00;-0,77;0,55;3,51;55,75;48,74;1,33
3,00;-0,84;1,68;2,97;55,75;48,74;1,33
3,02;-0,84;1,68;2,97;55,75;48,74;1,33
3,04;-0,84;1,68;2,97;55,75;48,74;1,33
3,06;-0,84;1,68;2,97;55,75;48,74;1,33
3,06;0,23;-0,81;2,05;55,75;48,74;1,33
3,06;0,23;-0,81;2,05;55,75;48,74;1,33
3,08;0,23;-0,81;2,05;55,75;48,74;1,33
3,10;0,23;-0,81;2,05;55,75;48,74;1,33
3,12;0,23;-0,81;2,05;55,75;48,74;1,33
3,12;0,23;-0,81;2,05;55,75;48,74;1,33
3,13;-1,02;-0,89;-1,63;55,75;48,74;1,33
3,14;-1,02;-0,89;-1,63;55,75;48,74;1,33
3,16;-1,02;-0,89;-1,63;55,75;48,74;1,33
3,18;-1,02;-0,89;-1,63;55,75;48,74;1,33
3,20;-1,02;-0,89;-1,63;55,75;48,74;1,33
3,20;-1,02;-0,89;-1,63;55,75;48,74;1,33
3,20;-0,87;-1,65;-0,70;55,75;48,74;1,33
3,22;-0,87;-1,65;-0,70;55,75;48,74;1,33
3,24;-0,87;-1,65;-0,70;55,75;48,74;1,33
3,26;-0,87;-1,65;-0,70;55,75;48,74;1,33
3,26;-0,87;-1,65;-0,70;55,75;48,74;1,33
3,26;-0,92;-0,79;-1,57;55,75;48,74;1,33
3,28;-0,92;-0,79;-1,57;55,75;48,74;1,33
3,30;-0,92;-0,79;-1,57;55,75;48,74;1,33
3,32;-0,92;-0,79;-1,57;55,75;48,74;1,33
3,34;-0,92;-0,79;-1,57;55,75;48,74;1,33
3,34;-0,92;-0,79;-1,57;55,75;48,74;1,33
3,34;-0,75;-0,82;-1,56;55,75;48,74;1,33
3,36;-0,75;-0,82;-1,56;55,75;48,74;1,33
3,38;-0,75;-0,82;-1,56;55,75;48,74;1,33
3,40;-0,75;-0,82;-1,56;55,75;48,74;1,33
3,40;0,51;0,15;-0,51;55,75;48,74;1,33
3,40;0,51;0,15;-0,51;55,75;48,74;1,33
3,42;0,51;0,15;-0,51;55,75;48,74;1,33
3,44;0,51;0,15;-0,51;55,75;48,74;1,33
3,46;0,51;0,15;-0,51;55,75;48,74;1,33
3,46;0,21;0,35;1,61;55,75;48,74;1,33
3,46;0,21;0,35;1,61;55,75;48,74;1,33
3,48;0,21;0,35;1,61;55,75;48,74;1,33
3,50;0,21;0,35;1,61;55,75;48,74;1,33
3,51;0,21;0,35;1,61;55,75;48,74;1,33
3,53;0,21;0,35;1,61;55,75;48,74;1,33
3,53;-0,12;0,97;1,12;55,75;48,74;1,33
3,54;-0,12;0,97;1,12;55,75;48,74;1,33
3,55;-0,12;0,97;1,12;55,75;48,74;1,33
3,57;-0,12;0,97;1,12;55,75;48,74;1,33
3,59;-0,12;0,97;1,12;55,75;48,74;1,33
3,60;-0,12;0,97;1,12;55,75;48,74;1,33
3,60;-0,29;0,42;4,48;55,75;48,74;1,33
3,61;-0,29;0,42;4,48;55,75;48,74;1,33
3,63;-0,29;0,42;4,48;55,75;48,74;1,33
3,65;-0,29;0,42;4,48;55,75;48,74;1,33
3,65;1,05;-1,14;0,92;55,75;48,74;1,33
3,65;1,05;-1,14;0,92;55,75;48,74;1,33
3,67;1,05;-1,14;0,92;55,75;48,74;1,33
3,69;1,05;-1,14;0,92;55,75;48,74;1,33
3,71;1,05;-1,14;0,92;55,75;48,74;1,33
3,73;1,05;-1,14;0,92;55,75;48,74;1,33
3,73;1,05;-1,14;0,92;55,75;48,74;1,33
3,73;1,79;-0,10;-1,35;55,75;48,74;1,33
3,75;1,79;-0,10;-1,35;55,75;48,74;1,33
3,77;1,79;-0,10;-1,35;55,75;48,74;1,33
3,79;1,79;-0,10;-1,35;55,75;48,74;1,33
3,79;1,79;-0,10;-1,35;55,75;48,74;1,33
3,79;0,93;-0,21;-1,63;55,75;48,74;1,33
3,81;0,93;-0,21;-1,63;55,75;48,74;1,33
3,83;0,93;-0,21;-1,63;55,75;48,74;1,33
3,85;0,93;-0,21;-1,63;55,75;48,74;1,33
3,87;0,93;-0,21;-1,63;55,75;48,74;1,33
3,87;0,93;-0,21;-1,63;55,75;48,74;1,33
3,87;-0,87;-0,85;-3,04;55,75;48,74;1,33
3,89;-0,87;-0,85;-3,04;55,75;48,74;1,33
3,91;-0,87;-0,85;-3,04;55,75;48,74;1,33
3,93;-0,87;-0,85;-3,04;55,75;48,74;1,33
3,93;-0,18;-0,37;-2,19;55,75;48,74;1,33
3,93;-0,18;-0,37;-2,19;55,75;48,74;1,33
3,95;-0,18;-0,37;-2,19;55,75;48,74;1,33
3,97;-0,18;-0,37;-2,19;55,75;48,74;1,33
3,99;-0,18;-0,37;-2,19;55,75;48,74;1,15
3,99;-0,18;-0,37;-2,19;55,75;48,74;1,15
3,99;-0,57;0,60;-1,86;55,75;48,74;1,15
4,01;-0,57;0,60;-1,86;55,75;48,74;1,15
4,03;-0,57;0,60;-1,86;55,75;48,74;1,15
4,05;-0,57;0,60;-1,86;55,75;48,74;1,15
4,07;-0,57;0,60;-1,86;55,75;48,74;1,15
4,07;-0,57;0,60;-1,86;55,75;48,74;1,15
4,07;0,17;1,51;0,44;55,75;48,74;1,15
4,08;0,17;1,51;0,44;55,75;48,74;1,15
4,11;0,17;1,51;0,44;55,75;48,74;1,15
4,12;0,17;1,51;0,44;55,75;48,74;1,15
4,13;0,17;1,51;0,44;55,75;48,74;1,15
4,13;-0,62;1,08;2,88;55,75;48,74;1,15
4,14;-0,62;1,08;2,88;55,75;48,74;1,15
4,16;-0,62;1,08;2,88;55,75;48,74;1,15
4,18;-0,62;1,08;2,88;55,75;48,74;1,15
4,20;-0,62;1,08;2,88;55,75;48,74;1,15
4,21;-1,49;1,34;3,36;55,75;48,74;1,15
4,21;-1,49;1,34;3,36;55,75;48,74;1,15
4,22;-1,49;1,34;3,36;55,75;48,74;1,15
4,24;-1,49;1,34;3,36;55,75;48,74;1,15
4,26;-1,49;1,34;3,36;55,75;48,74;1,15
4,26;-1,49;1,34;3,36;55,75;48,74;1,15
4,26;-1,00;-1,11;1,29;55,75;48,74;1,15
4,28;-1,00;-1,11;1,29;55,75;48,74;1,15
4,30;-1,00;-1,11;1,29;55,75;48,74;1,15
4,32;-1,00;-1,11;1,29;55,75;48,74;1,15
4,32;-1,00;-1,11;1,29;55,75;48,74;1,15
4,32;-0,32;-1,39;-1,22;55,75;48,74;1,15
4,34;-0,32;-1,39;-1,22;55,75;48,74;1,15
4,36;-0,32;-1,39;-1,22;55,75;48,74;1,15
4,38;-0,32;-1,39;-1,22;55,75;48,74;1,15
4,40;-0,32;-1,39;-1,22;55,75;48,74;1,15
4,40;-0,32;-1,39;-1,22;55,75;48,74;1,15
4,40;0,22;-1,52;-0,38;55,75;48,74;1,15
4,42;0,22;-1,52;-0,38;55,75;48,74;1,15
4,44;0,22;-1,52;-0,38;55,75;48,74;1,15
4,46;0,22;-1,52;-0,38;55,75;48,74;1,15
4,46;-0,35;-0,56;-2,01;55,75;48,74;1,15
4,46;-0,35;-0,56;-2,01;55,75;48,74;1,15
4,48;-0,35;-0,56;-2,01;55,75;48,74;1,15
4,50;-0,35;-0,56;-2,01;55,75;48,74;1,15
4,52;-0,35;-0,56;-2,01;55,75;48,74;1,15
4,54;-0,35;-0,56;-2,01;55,75;48,74;1,15
4,54;-0,35;-0,56;-2,01;55,75;48,74;1,15
4,54;-0,26;-0,16;-1,97;55,75;48,74;1,15
4,56;-0,26;-0,16;-1,97;55,75;48,74;1,15
4,58;-0,26;-0,16;-1,97;55,75;48,74;1,15
4,60;-0,26;-0,16;-1,97;55,75;48,74;1,15
4,60;-0,26;-0,16;-1,97;55,75;48,74;1,15
4,60;-0,22;0,56;-0,62;55,75;48,74;1,15
4,62;-0,22;0,56;-0,62;55,75;48,74;1,15
4,64;-0,22;0,56;-0,62;55,75;48,74;1,15
4,66;-0,22;0,56;-0,62;55,75;48,74;1,15
4,66;0,37;0,84;0,77;55,75;48,74;1,15
4,66;0,37;0,84;0,77;55,75;48,74;1,15
4,67;0,37;0,84;0,77;55,75;48,74;1,15
4,69;0,37;0,84;0,77;55,75;48,74;1,15
4,71;0,37;0,84;0,77;55,75;48,74;1,15
4,73;0,37;0,84;0,77;55,75;48,74;1,15
4,74;0,29;1,15;3,05;55,75;48,74;1,15
4,74;0,29;1,15;3,05;55,75;48,74;1,15
4,75;0,29;1,15;3,05;55,75;48,74;1,15
4,77;0,29;1,15;3,05;55,75;48,74;1,15
4,79;0,29;1,15;3,05;55,75;48,74;1,15
4,79;0,29;1,15;3,05;55,75;48,74;1,15
4,79;1,00;0,16;3,24;55,75;48,74;1,15
4,81;1,00;0,16;3,24;55,75;48,74;1,15
4,83;1,00;0,16;3,24;55,75;48,74;1,15
4,85;1,00;0,16;3,24;55,75;48,74;1,15
4,85;1,00;0,16;3,24;55,75;48,74;1,15
4,85;1,41;-1,09;0,45;55,75;48,74;1,15
4,87;1,41;-1,09;0,45;55,75;48,74;1,15
4,89;1,41;-1,09;0,45;55,75;48,74;1,15
4,91;1,41;-1,09;0,45;55,75;48,74;1,15
4,93;1,41;-1,09;0,45;55,75;48,74;1,15
4,93;1,41;-1,09;0,45;55,75;48,74;1,15
4,93;2,01;-1,55;-0,99;55,75;48,74;1,15
4,95;2,01;-1,55;-0,99;55,75;48,74;1,15
4,97;2,01;-1,55;-0,99;55,75;48,74;1,15
4,99;2,01;-1,55;-0,99;55,75;48,74;1,50
4,99;-0,57;-0,43;-2,25;55,75;48,74;1,50
4,99;-0,57;-0,43;-2,25;55,75;48,74;1,50
5,01;-0,57;-0,43;-2,25;55,75;48,74;1,50
5,03;-0,57;-0,43;-2,25;55,75;48,74;1,50
5,05;-0,57;-0,43;-2,25;55,75;48,74;1,50
5,07;-0,57;-0,43;-2,25;55,75;48,74;1,50
5,07;-0,57;-0,43;-2,25;55,75;48,74;1,50
5,07;-0,42;-0,66;-3,13;55,75;48,74;1,50
5,09;-0,42;-0,66;-3,13;55,75;48,74;1,50
5,11;-0,42;-0,66;-3,13;55,75;48,74;1,50
5,13;-0,42;-0,66;-3,13;55,75;48,74;1,50
5,13;-1,21;-0,38;-2,21;55,75;48,74;1,50
5,13;-1,21;-0,38;-2,21;55,75;48,74;1,50
5,15;-1,21;-0,38;-2,21;55,75;48,74;1,50
5,17;-1,21;-0,38;-2,21;55,75;48,74;1,50
5,19;-1,21;-0,38;-2,21;55,75;48,74;1,50
5,19;-1,21;-0,38;-2,21;55,75;48,74;1,50
5,19;-0,54;0,76;-0,88;55,75;48,74;1,50
5,21;-0,54;0,76;-0,88;55,75;48,74;1,50
5,23;-0,54;0,76;-0,88;55,75;48,74;1,50
5,24;-0,54;0,76;-0,88;55,75;48,74;1,50
5,26;-0,54;0,76;-0,88;55,75;48,74;1,50
5,26;-0,54;0,76;-0,88;55,75;48,74;1,50
5,26;-0,02;1,70;0,89;55,75;48,74;1,50
5,28;-0,02;1,70;0,89;55,75;48,74;1,50
5,30;-0,02;1,70;0,89;55,75;48,74;1,50
5,32;-0,02;1,70;0,89;55,75;48,74;1,50
5,32;-0,10;1,34;2,02;55,75;48,74;1,50
5,32;-0,10;1,34;2,02;55,75;48,74;1,50
5,34;-0,10;1,34;2,02;55,75;48,74;1,50
5,36;-0,10;1,34;2,02;55,75;48,74;1,50
5,38;-0,10;1,34;2,02;55,75;48,74;1,50
5,40;-0,10;1,34;2,02;55,75;48,74;1,50
5,40;-0,10;1,34;2,02;55,75;48,74;1,50
5,40;-0,01;1,06;1,83;55,75;48,74;1,50
5,42;-0,01;1,06;1,83;55,75;48,74;1,50
5,44;-0,01;1,06;1,83;55,75;48,74;1,50
5,46;-0,01;1,06;1,83;55,75;48,74;1,50
5,46;-0,01;1,06;1,83;55,75;48,74;1,50
5,46;-1,53;-1,11;3,30;55,75;48,74;1,50
5,48;-1,53;-1,11;3,30;55,75;48,74;1,50
5,50;-1,53;-1,11;3,30;55,75;48,74;1,50
5,52;-1,53;-1,11;3,30;55,75;48,74;1,50
5,52;-1,53;-1,11;3,30;55,75;48,74;1,50
5,52;0,17;-1,13;-1,06;55,75;48,74;1,50
5,54;0,17;-1,13;-1,06;55,75;48,74;1,50
5,56;0,17;-1,13;-1,06;55,75;48,74;1,50
5,58;0,17;-1,13;-1,06;55,75;48,74;1,50
5,60;0,17;-1,13;-1,06;55,75;48,74;1,50
5,60;0,17;-1,13;-1,06;55,75;48,74;1,50
5,60;-0,35;-1,63;-1,30;55,75;48,74;1,50
5,62;-0,35;-1,63;-1,30;55,75;48,74;1,50
5,64;-0,35;-1,63;-1,30;55,75;48,74;1,50
5,66;-0,35;-1,63;-1,30;55,75;48,74;1,50
5,66;-0,35;-1,63;-1,30;55,75;48,74;1,50
5,66;-0,27;-1,78;-2,43;55,75;48,74;1,50
5,68;-0,27;-1,78;-2,43;55,75;48,74;1,50
5,70;-0,27;-1,78;-2,43;55,75;48,74;1,50
5,72;-0,27;-1,78;-2,43;55,75;48,74;1,50
5,74;-0,27;-1,78;-2,43;55,75;48,74;1,50
5,74;-0,27;-1,78;-2,43;55,75;48,74;1,50
5,74;0,02;-0,51;-1,53;55,75;48,74;1,50
5,76;0,02;-0,51;-1,53;55,75;48,74;1,50
5,78;0,02;-0,51;-1,53;55,75;48,74;1,50
5,80;1,01;1,26;-0,87;55,75;48,74;1,50
5,80;1,01;1,26;-0,87;55,75;48,74;1,50
5,80;1,01;1,26;-0,87;55,75;48,74;1,50
5,82;1,01;1,26;-0,87;55,75;48,74;1,50
5,84;1,01;1,26;-0,87;55,75;48,74;1,50
5,86;1,01;1,26;-0,87;55,75;48,74;1,50
5,86;0,94;2,13;1,02;55,75;48,74;1,50
5,86;0,94;2,13;1,02;55,75;48,74;1,50
5,87;0,94;2,13;1,02;55,75;48,74;1,50
5,89;0,94;2,13;1,02;55,75;48,74;1,50
5,91;0,94;2,13;1,02;55,75;48,74;1,50
5,93;0,94;2,13;1,02;55,75;48,74;1,50
5,93;0,94;2,13;1,02;55,75;48,74;1,50
5,94;0,80;1,92;2,69;55,75;48,74;1,50
5,95;0,80;1,92;2,69;55,75;48,74;1,50
5,97;0,80;1,92;2,69;55,75;48,74;1,50
5,99;0,80;1,92;2,69;55,75;48,74;1,50
5,99;0,80;1,92;2,69;55,75;48,74;1,50
5,99;1,00;-0,29;3,74;55,75;48,74;1,50
6,01;1,00;-0,29;3,74;55,75;48,74;1,50
6,03;1,00;-0,29;3,74;55,75;48,74;1,50
6,05;1,00;-0,29;3,74;55,75;48,74;1,50
6,05;0,27;-1,68;1,10;55,75;48,74;1,50
6,05;0,27;-1,68;1,10;55,75;48,74;1,50
6,07;0,27;-1,68;1,10;55,75;48,74;1,50
6,09;0,27;-1,68;1,10;55,75;48,74;1,50
6,11;0,27;-1,68;1,10;55,75;48,74;1,50
6,13;0,27;-1,68;1,10;55,75;48,74;1,50
6,13;1,02;-1,78;-1,09;55,75;48,74;1,50
6,13;1,02;-1,78;-1,09;55,75;48,74;1,50
6,15;1,02;-1,78;-1,09;55,75;48,74;1,50
6,17;1,02;-1,78;-1,09;55,75;48,74;1,50
6,19;1,02;-1,78;-1,09;55,75;48,74;1,50
6,19;-0,47;-0,12;-3,28;55,75;48,74;1,50
6,19;-0,47;-0,12;-3,28;55,75;48,74;1,50
6,21;-0,47;-0,12;-3,28;55,75;48,74;1,50
6,23;-0,47;-0,12;-3,28;55,75;48,74;1,50
6,25;-0,47;-0,12;-3,28;55,75;48,74;1,50
6,27;-0,47;-0,12;-3,28;55,75;48,74;1,50
6,27;-0,90;0,10;-3,46;55,75;48,74;1,50
6,27;-0,90;0,10;-3,46;55,75;48,74;1,50
6,29;-0,90;0,10;-3,46;55,75;48,74;1,50
6,31;-0,90;0,10;-3,46;55,75;48,74;1,50
6,33;-0,90;0,10;-3,46;55,75;48,74;1,50
6,33;-0,93;0,27;-1,68;55,75;48,74;1,50
6,33;-0,93;0,27;-1,68;55,75;48,74;1,50
6,35;-0,93;0,27;-1,68;55,75;48,74;1,50
6,37;-0,93;0,27;-1,68;55,75;48,74;1,50
6,39;-0,93;0,27;-1,68;55,75;48,74;1,50
6,39;-0,74;1,15;0,02;55,75;48,74;1,50
6,39;-0,74;1,15;0,02;55,75;48,74;1,50
6,41;-0,74;1,15;0,02;55,75;48,74;1,50
6,43;-0,74;1,15;0,02;55,75;48,74;1,50
6,44;-0,74;1,15;0,02;55,75;48,74;1,50
6,46;-0,74;1,15;0,02;55,75;48,74;1,50
6,47;-0,74;1,15;0,02;55,75;48,74;1,50
6,47;-0,05;2,10;2,35;55,75;48,74;1,50
6,48;-0,05;2,10;2,35;55,75;48,74;1,50
6,50;-0,05;2,10;2,35;55,75;48,74;1,50
6,53;-0,05;2,10;2,35;55,75;48,74;1,50
6,53;-0,05;2,10;2,35;55,75;48,74;1,50
6,53;0,07;1,62;3,95;55,75;48,74;1,50
6,54;0,07;1,62;3,95;55,75;48,74;1,50
6,56;0,07;1,62;3,95;55,75;48,74;1,50
6,58;0,07;1,62;3,95;55,75;48,74;1,50
6,60;0,07;1,62;3,95;55,75;48,74;1,50
6,60;0,07;1,62;3,95;55,75;48,74;1,50
6,60;-0,73;-0,52;3,32;55,75;48,74;1,50
6,62;-0,73;-0,52;3,32;55,75;48,74;1,50
6,64;-0,73;-0,52;3,32;55,75;48,74;1,50
6,66;-0,73;-0,52;3,32;55,75;48,74;1,50
6,66;-0,73;-0,52;3,32;55,75;48,74;1,50
6,66;-1,34;-2,08;0,03;55,75;48,74;1,50
6,68;-1,34;-2,08;0,03;55,75;48,74;1,50
6,70;-1,34;-2,08;0,03;55,75;48,74;1,50
6,72;-1,34;-2,08;0,03;55,75;48,74;1,50
6,72;-1,34;-2,08;0,03;55,75;48,74;1,50
6,72;0,06;-1,43;-0,65;55,75;48,74;1,50
6,74;0,06;-1,43;-0,65;55,75;48,74;1,50
6,76;0,06;-1,43;-0,65;55,75;48,74;1,50
6,78;0,06;-1,43;-0,65;55,75;48,74;1,50
6,80;0,06;-1,43;-0,65;55,75;48,74;1,50
6,80;0,06;-1,43;-0,65;55,75;48,74;1,50
6,80;-0,67;-1,71;-2,09;55,75;48,74;1,50
6,82;-0,67;-1,71;-2,09;55,75;48,74;1,50
6,84;-0,67;-1,71;-2,09;55,75;48,74;1,50
6,86;-0,67;-1,71;-2,09;55,75;48,74;1,50
6,86;0,62;-0,36;-2,62;55,75;48,74;1,50
6,86;0,62;-0,36;-2,62;55,75;48,74;1,50
6,88;0,62;-0,36;-2,62;55,75;48,74;1,50
6,90;0,62;-0,36;-2,62;55,75;48,74;1,50
6,92;0,62;-0,36;-2,62;55,75;48,74;1,50
6,94;0,62;-0,36;-2,62;55,75;48,74;1,50
6,94;0,62;-0,36;-2,62;55,75;48,74;1,50
6,94;-0,07;0,55;-2,19;55,75;48,74;1,50
6,96;-0,07;0,55;-2,19;55,75;48,74;1,50
6,98;-0,07;0,55;-2,19;55,75;48,74;1,50
7,00;-0,07;0,55;-2,19;55,75;48,74;1,50
7,00;-0,07;0,55;-2,19;55,75;48,74;1,50
7,00;-0,57;1,01;-1,01;55,75;48,74;1,50
7,02;-0,57;1,01;-1,01;55,75;48,74;1,50
7,04;-0,57;1,01;-1,01;55,75;48,74;1,50
7,05;-0,57;1,01;-1,01;55,75;48,74;1,50
7,06;1,83;1,87;1,95;55,75;48,74;1,50
7,06;1,83;1,87;1,95;55,75;48,74;1,50
7,07;1,83;1,87;1,95;55,75;48,74;1,50
7,09;1,83;1,87;1,95;55,75;48,74;1,50
7,11;1,83;1,87;1,95;55,75;48,74;1,50
7,13;1,83;1,87;1,95;55,75;48,74;1,50
7,13;1,83;1,87;1,95;55,75;48,74;1,50
7,14;1,51;0,27;4,95;55,75;48,74;1,50
7,15;1,51;0,27;4,95;55,75;48,74;1,50
7,17;1,51;0,27;4,95;55,75;48,74;1,50
7,19;1,51;0,27;4,95;55,75;48,74;1,50
7,19;1,51;0,27;4,95;55,75;48,74;1,50
7,19;0,04;-1,62;3,70;55,75;48,74;1,50
7,21;0,04;-1,62;3,70;55,75;48,74;1,50
7,23;0,04;-1,62;3,70;55,75;48,74;1,50
7,25;0,04;-1,62;3,70;55,75;48,74;1,50
7,25;0,73;-2,33;0,16;55,75;48,74;1,50
7,25;0,73;-2,33;0,16;55,75;48,74;1,50
7,27;0,73;-2,33;0,16;55,75;48,74;1,50
7,29;0,73;-2,33;0,16;55,75;48,74;1,50
7,31;0,73;-2,33;0,16;55,75;48,74;1,50
7,33;0,73;-2,33;0,16;55,75;48,74;1,50
7,33;0,36;-1,77;-2,88;55,75;48,74;1,50
7,33;0,36;-1,77;-2,88;55,75;48,74;1,50
7,35;0,36;-1,77;-2,88;55,75;48,74;1,50
7,37;0,36;-1,77;-2,88;55,75;48,74;1,50
7,39;0,36;-1,77;-2,88;55,75;48,74;1,50
7,39;-1,04;-0,82;-4,65;55,75;48,74;1,50
7,39;-1,04;-0,82;-4,65;55,75;48,74;1,50
7,41;-1,04;-0,82;-4,65;55,75;48,74;1,50
7,43;-1,04;-0,82;-4,65;55,75;48,74;1,50
7,45;-1,04;-0,82;-4,65;55,75;48,74;1,50
7,47;-1,04;-0,82;-4,65;55,75;48,74;1,50
7,47;-1,04;-0,82;-4,65;55,75;48,74;1,50
7,47;-0,60;0,25;-3,67;55,75;48,74;1,50
7,49;-0,60;0,25;-3,67;55,75;48,74;1,50
7,51;-0,60;0,25;-3,67;55,75;48,74;1,50
7,53;-0,60;0,25;-3,67;55,75;48,74;1,50
7,53;-0,74;0,92;-0,86;55,75;48,74;1,50
7,53;-0,74;0,92;-0,86;55,75;48,74;1,50
7,55;-0,74;0,92;-0,86;55,75;48,74;1,50
7,57;-0,74;0,92;-0,86;55,75;48,74;1,50
7,59;-0,74;0,92;-0,86;55,75;48,74;1,50
7,59;-0,27;2,18;2,46;55,75;48,74;1,50
7,59;-0,27;2,18;2,46;55,75;48,74;1,50
7,60;-0,27;2,18;2,46;55,75;48,74;1,50
7,62;-0,27;2,18;2,46;55,75;48,74;1,50
7,64;-0,27;2,18;2,46;55,75;48,74;1,50
7,66;-0,27;2,18;2,46;55,75;48,74;1,50
7,67;-0,27;2,18;2,46;55,75;48,74;1,50
7,67;-0,27;1,59;2,35;55,75;48,74;1,50
7,68;-0,27;1,59;2,35;55,75;48,74;1,50
7,70;-0,27;1,59;2,35;55,75;48,74;1,50
7,72;-0,27;1,59;2,35;55,75;48,74;1,50
7,72;-0,27;1,59;2,35;55,75;48,74;1,50
7,72;-0,92;0,74;3,49;55,75;48,74;1,50
7,74;-0,92;0,74;3,49;55,75;48,74;1,50
7,76;-0,92;0,74;3,49;55,75;48,74;1,50
7,78;-0,92;0,74;3,49;55,75;48,74;1,50
7,80;-0,92;0,74;3,49;55,75;48,74;1,50
7,80;-1,27;-2,17;3,75;55,75;48,74;1,50
7,80;-1,27;-2,17;3,75;55,75;48,74;1,50
7,82;-1,27;-2,17;3,75;55,75;48,74;1,50
7,84;-1,27;-2,17;3,75;55,75;48,74;1,50
7,86;-1,27;-2,17;3,75;55,75;48,74;1,50
7,86;-1,27;-2,17;3,75;55,75;48,74;1,50
7,86;-1,11;-1,55;-1,47;55,75;48,74;1,50
7,88;-1,11;-1,55;-1,47;55,75;48,74;1,50
7,90;-1,11;-1,55;-1,47;55,75;48,74;1,50
7,92;-1,11;-1,55;-1,47;55,75;48,74;1,50
7,92;-1,11;-1,55;-1,47;55,75;48,74;1,50
7,92;0,06;-0,67;-3,34;55,75;48,74;1,50
7,94;0,06;-0,67;-3,34;55,75;48,74;1,50
7,96;0,06;-0,67;-3,34;55,75;48,74;1,50
7,98;0,06;-0,67;-3,34;55,75;48,74;1,50
8,00;0,06;-0,67;-3,34;55,75;48,74;0,35
8,00;0,33;-0,62;-2,23;55,75;48,74;0,35
8,00;0,33;-0,62;-2,23;55,75;48,74;0,35
8,02;0,33;-0,62;-2,23;55,75;48,74;0,35
8,04;0,33;-0,62;-2,23;55,75;48,74;0,35
8,06;0,33;-0,62;-2,23;55,75;48,74;0,35
8,06;0,30;0,09;-2,34;55,75;48,74;0,35
8,06;0,30;0,09;-2,34;55,75;48,74;0,35
8,08;0,30;0,09;-2,34;55,75;48,74;0,35
8,10;0,30;0,09;-2,34;55,75;48,74;0,35
8,12;0,30;0,09;-2,34;55,75;48,74;0,35
8,14;0,30;0,09;-2,34;55,75;48,74;0,35
8,14;0,30;0,09;-2,34;55,75;48,74;0,35
8,14;0,37;0,82;-1,34;55,75;48,74;0,35
8,16;0,37;0,82;-1,34;55,75;48,74;0,35
8,18;0,37;0,82;-1,34;55,75;48,74;0,35
8,20;0,37;0,82;-1,34;55,75;48,74;0,35
8,20;0,97;1,10;1,67;55,75;48,74;0,35
8,20;0,97;1,10;1,67;55,75;48,74;0,35
8,22;0,97;1,10;1,67;55,75;48,74;0,35
8,24;0,97;1,10;1,67;55,75;48,74;0,35
8,25;0,97;1,10;1,67;55,75;48,74;0,35
8,25;1,03;0,96;4,30;55,75;48,74;0,35
8,26;1,03;0,96;4,30;55,75;48,74;0,35
8,27;1,03;0,96;4,30;55,75;48,74;0,35
8,29;1,03;0,96;4,30;55,75;48,74;0,35
8,31;1,03;0,96;4,30;55,75;48,74;0,35
8,33;1,03;0,96;4,30;55,75;48,74;0,35
8,33;2,47;-1,02;3,93;55,75;48,74;0,35
8,33;2,47;-1,02;3,93;55,75;48,74;0,35
8,35;2,47;-1,02;3,93;55,75;48,74;0,35
8,37;2,47;-1,02;3,93;55,75;48,74;0,35
8,39;2,47;-1,02;3,93;55,75;48,74;0,35
8,39;2,47;-1,02;3,93;55,75;48,74;0,35
8,39;0,53;-2,18;0,06;55,75;48,74;0,35
8,41;0,53;-2,18;0,06;55,75;48,74;0,35
8,43;0,53;-2,18;0,06;55,75;48,74;0,35
8,45;0,53;-2,18;0,06;55,75;48,74;0,35
8,47;0,53;-2,18;0,06;55,75;48,74;0,35
8,47;0,53;-2,18;0,06;55,75;48,74;0,35
8,47;0,36;-1,06;-0,68;55,75;48,74;0,35
8,49;0,36;-1,06;-0,68;55,75;48,74;0,35
8,51;0,36;-1,06;-0,68;55,75;48,74;0,35
8,53;0,36;-1,06;-0,68;55,75;48,74;0,35
8,53;-0,25;-1,05;-2,55;55,75;48,74;0,35
8,53;-0,25;-1,05;-2,55;55,75;48,74;0,35
8,55;-0,25;-1,05;-2,55;55,75;48,74;0,35
8,57;-0,25;-1,05;-2,55;55,75;48,74;0,35
8,59;-0,25;-1,05;-2,55;55,75;48,74;0,35
8,59;-0,25;-1,05;-2,55;55,75;48,74;0,35
8,59;-0,76;-1,32;-5,19;55,75;48,74;0,35
8,61;-0,76;-1,32;-5,19;55,75;48,74;0,35
8,63;-0,76;-1,32;-5,19;55,75;48,74;0,35
8,65;-0,76;-1,32;-5,19;55,75;48,74;0,35
8,67;-0,76;-1,32;-5,19;55,75;48,74;0,35
8,67;-0,76;-1,32;-5,19;55,75;48,74;0,35
8,67;-0,57;0,27;-4,32;55,75;48,74;0,35
8,69;-0,57;0,27;-4,32;55,75;48,74;0,35
8,71;-0,57;0,27;-4,32;55,75;48,74;0,35
8,73;-0,57;0,27;-4,32;55,75;48,74;0,35
8,73;0,10;2,23;1,59;55,75;48,74;0,35
8,73;0,10;2,23;1,59;55,75;48,74;0,35
8,75;0,10;2,23;1,59;55,75;48,74;0,35
8,77;0,10;2,23;1,59;55,75;48,74;0,35
8,79;0,10;2,23;1,59;55,75;48,74;0,35
8,79;-0,77;1,90;4,78;55,75;48,74;0,35
8,79;-0,77;1,90;4,78;55,75;48,74;0,35
8,81;-0,77;1,90;4,78;55,75;48,74;0,35
8,82;-0,77;1,90;4,78;55,75;48,74;0,35
8,84;-0,77;1,90;4,78;55,75;48,74;0,35
8,86;-0,77;1,90;4,78;55,75;48,74;0,35
8,87;-0,39;0,57;5,13;55,75;48,74;0,35
8,87;-0,39;0,57;5,13;55,75;48,74;0,35
8,88;-0,39;0,57;5,13;55,75;48,74;0,35
8,90;-0,39;0,57;5,13;55,75;48,74;0,35
8,92;-0,39;0,57;5,13;55,75;48,74;0,35
8,93;-0,39;0,57;5,13;55,75;48,74;0,35
8,93;-0,82;-1,88;2,85;55,75;48,74;0,35
8,94;-0,82;-1,88;2,85;55,75;48,74;0,35
8,96;-0,82;-1,88;2,85;55,75;48,74;0,35
8,98;-0,82;-1,88;2,85;55,75;48,74;0,35
9,00;-0,82;-1,88;2,85;55,75;48,74;0,35
9,00;-0,77;-1,35;-2,11;55,75;48,74;0,35
9,00;-0,77;-1,35;-2,11;55,75;48,74;0,35
9,02;-0,77;-1,35;-2,11;55,75;48,74;0,35
9,04;-0,77;-1,35;-2,11;55,75;48,74;0,35
9,06;-0,77;-1,35;-2,11;55,75;48,74;0,35
9,06;-0,77;-1,35;-2,11;55,75;48,74;0,35
9,07;-0,57;-1,07;-2,35;55,75;48,74;0,35
9,08;-0,57;-1,07;-2,35;55,75;48,74;0,35
9,10;-0,57;-1,07;-2,35;55,75;48,74;0,35
9,12;-0,57;-1,07;-2,35;55,75;48,74;0,35
9,12;-0,71;-0,76;-2,33;55,75;48,74;0,35
9,12;-0,71;-0,76;-2,33;55,75;48,74;0,35
9,14;-0,71;-0,76;-2,33;55,75;48,74;0,35
9,16;-0,71;-0,76;-2,33;55,75;48,74;0,35
9,18;-0,71;-0,76;-2,33;55,75;48,74;0,35
9,20;-0,71;-0,76;-2,33;55,75;48,74;0,35
9,20;0,09;0,29;-2,41;55,75;48,74;0,35
9,20;0,09;0,29;-2,41;55,75;48,74;0,35
9,22;0,09;0,29;-2,41;55,75;48,74;0,35
9,24;0,09;0,29;-2,41;55,75;48,74;0,35
9,26;0,09;0,29;-2,41;55,75;48,74;0,35
9,26;-0,27;0,56;0,32;55,75;48,74;0,35
9,26;-0,27;0,56;0,32;55,75;48,74;0,35
9,28;-0,27;0,56;0,32;55,75;48,74;0,35
9,30;-0,27;0,56;0,32;55,75;48,74;0,35
9,32;-0,27;0,56;0,32;55,75;48,74;0,35
9,34;-0,27;0,56;0,32;55,75;48,74;0,35
9,34;-0,89;1,38;-0,54;55,75;48,74;0,35
9,34;-0,89;1,38;-0,54;55,75;48,74;0,35
9,36;-0,89;1,38;-0,54;55,75;48,74;0,35
9,38;-0,89;1,38;-0,54;55,75;48,74;0,35
9,40;-0,89;1,38;-0,54;55,75;48,74;0,35
9,40;1,29;1,17;2,66;55,75;48,74;0,35
9,40;1,29;1,17;2,66;55,75;48,74;0,35
9,42;1,29;1,17;2,66;55,75;48,74;0,35
9,43;1,29;1,17;2,66;55,75;48,74;0,35
9,45;1,29;1,17;2,66;55,75;48,74;0,35
9,46;1,29;1,17;2,66;55,75;48,74;0,35
9,46;1,81;-0,08;5,36;55,75;48,74;0,35
9,47;1,81;-0,08;5,36;55,75;48,74;0,35
9,49;1,81;-0,08;5,36;55,75;48,74;0,35
9,51;1,81;-0,08;5,36;55,75;48,74;0,35
9,53;1,81;-0,08;5,36;55,75;48,74;0,35
9,53;1,81;-0,08;5,36;55,75;48,74;0,35
9,53;1,79;-2,59;0,55;55,75;48,74;0,35
9,55;1,79;-2,59;0,55;55,75;48,74;0,35
9,57;1,79;-2,59;0,55;55,75;48,74;0,35
9,59;1,79;-2,59;0,55;55,75;48,74;0,35
9,59;2,43;-2,03;-3,58;55,75;48,74;0,35
9,60;2,43;-2,03;-3,58;55,75;48,74;0,35
9,61;2,43;-2,03;-3,58;55,75;48,74;0,35
9,63;2,43;-2,03;-3,58;55,75;48,74;0,35
9,65;2,43;-2,03;-3,58;55,75;48,74;0,35
9,67;2,43;-2,03;-3,58;55,75;48,74;0,35
9,67;2,43;-2,03;-3,58;55,75;48,74;0,35
9,67;-0,17;-0,13;-3,37;55,75;48,74;0,35
9,69;-0,17;-0,13;-3,37;55,75;48,74;0,35
9,71;-0,17;-0,13;-3,37;55,75;48,74;0,35
9,73;-1,42;-0,39;-1,69;55,75;48,74;0,35
9,73;-1,42;-0,39;-1,69;55,75;48,74;0,35
9,73;-1,42;-0,39;-1,69;55,75;48,74;0,35
9,75;-1,42;-0,39;-1,69;55,75;48,74;0,35
9,77;-1,42;-0,39;-1,69;55,75;48,74;0,35
9,79;-1,42;-0,39;-1,69;55,75;48,74;0,35
9,79;-0,91;0,43;-0,97;55,75;48,74;0,35
9,79;-0,91;0,43;-0,97;55,75;48,74;0,35
9,81;-0,91;0,43;-0,97;55,75;48,74;0,35
9,83;-0,91;0,43;-0,97;55,75;48,74;0,35
9,85;-0,91;0,43;-0,97;55,75;48,74;0,35
9,87;-0,91;0,43;-0,97;55,75;48,74;0,35
9,87;-0,16;1,67;1,12;55,75;48,74;0,35
9,87;-0,16;1,67;1,12;55,75;48,74;0,35
9,89;-0,16;1,67;1,12;55,75;48,74;0,35
9,91;-0,16;1,67;1,12;55,75;48,74;0,35
9,93;-0,16;1,67;1,12;55,75;48,74;0,35
9,93;0,21;1,73;2,43;55,75;48,74;0,35
9,93;0,21;1,73;2,43;55,75;48,74;0,35
9,95;0,21;1,73;2,43;55,75;48,74;0,35
9,97;0,21;1,73;2,43;55,75;48,74;0,35
9,99;0,21;1,73;2,43;55,75;48,74;0,82
9,99;0,21;1,73;2,43;55,75;48,74;0,82
9,99;-0,66;0,94;4,67;55,75;48,74;0,82
10,01;-0,66;0,94;4,67;55,75;48,74;0,82
10,02;-0,66;0,94;4,67;55,75;48,74;0,82
10,05;-0,66;0,94;4,67;55,75;48,74;0,82
10,06;-0,66;0,94;4,67;55,75;48,74;0,82
10,07;-1,04;-1,23;1,88;55,75;48,74;0,82
10,07;-1,04;-1,23;1,88;55,75;48,74;0,82
10,08;-1,04;-1,23;1,88;55,75;48,74;0,82
10,10;-1,04;-1,23;1,88;55,75;48,74;0,82
10,12;-1,04;-1,23;1,88;55,75;48,74;0,82
10,12;-1,04;-1,23;1,88;55,75;48,74;0,82
10,13;-0,45;-0,94;-1,67;55,75;48,74;0,82
10,14;-0,45;-0,94;-1,67;55,75;48,74;0,82
10,16;-0,45;-0,94;-1,67;55,75;48,74;0,82
10,18;-0,45;-0,94;-1,67;55,75;48,74;0,82
10,20;-0,45;-0,94;-1,67;55,75;48,74;0,82
10,20;-0,45;-0,94;-1,67;55,75;48,74;0,82
10,20;-0,48;-1,76;-1,82;55,75;48,74;0,82
10,22;-0,48;-1,76;-1,82;55,75;48,74;0,82
10,24;-0,48;-1,76;-1,82;55,75;48,74;0,82
10,26;-0,48;-1,76;-1,82;55,75;48,74;0,82
10,26;-0,48;-1,76;-1,82;55,75;48,74;0,82
10,26;-0,91;-1,32;-3,16;55,75;48,74;0,82
10,28;-0,91;-1,32;-3,16;55,75;48,74;0,82
10,30;-0,91;-1,32;-3,16;55,75;48,74;0,82
10,32;-0,91;-1,32;-3,16;55,75;48,74;0,82
10,32;-0,91;-1,32;-3,16;55,75;48,74;0,82
10,32;-0,27;0,02;-2,97;55,75;48,74;0,82
10,34;-0,27;0,02;-2,97;55,75;48,74;0,82
10,36;-0,27;0,02;-2,97;55,75;48,74;0,82
10,38;-0,27;0,02;-2,97;55,75;48,74;0,82
10,40;-0,27;0,02;-2,97;55,75;48,74;0,82
10,40;-0,77;0,79;0,88;55,75;48,74;0,82
10,40;-0,77;0,79;0,88;55,75;48,74;0,82
10,42;-0,77;0,79;0,88;55,75;48,74;0,82
10,44;-0,77;0,79;0,88;55,75;48,74;0,82
10,46;-0,77;0,79;0,88;55,75;48,74;0,82
10,46;-0,77;0,79;0,88;55,75;48,74;0,82
10,46;0,37;1,60;2,60;55,75;48,74;0,82
10,48;0,37;1,60;2,60;55,75;48,74;0,82
10,50;0,37;1,60;2,60;55,75;48,74;0,82
10,52;0,37;1,60;2,60;55,75;48,74;0,82
10,54;0,37;1,60;2,60;55,75;48,74;0,82
10,54;1,86;1,58;2,81;55,75;48,74;0,82
10,54;1,86;1,58;2,81;55,75;48,74;0,82
10,56;1,86;1,58;2,81;55,75;48,74;0,82
10,58;1,86;1,58;2,81;55,75;48,74;0,82
10,60;1,86;1,58;2,81;55,75;48,74;0,82
10,60;1,86;1,58;2,81;55,75;48,74;0,82
10,60;0,43;-0,22;3,77;55,75;48,74;0,82
10,62;0,43;-0,22;3,77;55,75;48,74;0,82
10,63;0,43;-0,22;3,77;55,75;48,74;0,82
10,65;0,43;-0,22;3,77;55,75;48,74;0,82
10,66;0,43;-0,22;3,77;55,75;48,74;0,82
10,66;0,77;-2,39;-0,08;55,75;48,74;0,82
10,67;0,77;-2,39;-0,08;55,75;48,74;0,82
10,69;0,77;-2,39;-0,08;55,75;48,74;0,82
10,71;0,77;-2,39;-0,08;55,75;48,74;0,82
10,74;0,77;-2,39;-0,08;55,75;48,74;0,82
10,74;0,08;-2,07;-3,57;55,75;48,74;0,82
10,74;0,08;-2,07;-3,57;55,75;48,74;0,82
10,75;0,08;-2,07;-3,57;55,75;48,74;0,82
10,77;0,08;-2,07;-3,57;55,75;48,74;0,82
10,79;0,08;-2,07;-3,57;55,75;48,74;0,82
10,79;-0,58;-0,88;-3,51;55,75;48,74;0,82
10,80;-0,58;-0,88;-3,51;55,75;48,74;0,82
10,81;-0,58;-0,88;-3,51;55,75;48,74;0,82
10,83;-0,58;-0,88;-3,51;55,75;48,74;0,82
10,85;-0,58;-0,88;-3,51;55,75;48,74;0,82
10,87;-0,58;-0,88;-3,51;55,75;48,74;0,82
10,87;-0,58;-0,88;-3,51;55,75;48,74;0,82
10,87;-0,13;0,14;-2,94;55,75;48,74;0,82
10,89;-0,13;0,14;-2,94;55,75;48,74;0,82
10,91;-0,13;0,14;-2,94;55,75;48,74;0,82
10,93;-0,13;0,14;-2,94;55,75;48,74;0,82
10,93;-0,52;1,37;-0,56;55,75;48,74;0,82
10,93;-0,52;1,37;-0,56;55,75;48,74;0,82
10,95;-0,52;1,37;-0,56;55,75;48,74;0,82
10,97;-0,52;1,37;-0,56;55,75;48,74;0,82
10,99;-0,52;1,37;-0,56;55,75;48,74;0,82
10,99;-0,52;1,37;-0,56;55,75;48,74;0,82
10,99;1,38;1,88;3,38;55,75;48,74;0,82
11,01;1,38;1,88;3,38;55,75;48,74;0,82
11,03;1,38;1,88;3,38;55,75;48,74;0,82
11,05;1,38;1,88;3,38;55,75;48,74;0,82
11,07;1,38;1,88;3,38;55,75;48,74;0,82
11,07;1,38;1,88;3,38;55,75;48,74;0,82
11,07;1,31;1,83;2,00;55,75;48,74;0,82
11,09;1,31;1,83;2,00;55,75;48,74;0,82
11,11;1,31;1,83;2,00;55,75;48,74;0,82
11,13;1,31;1,83;2,00;55,75;48,74;0,82
11,13;1,31;1,83;2,00;55,75;48,74;0,82
11,13;-0,94;1,45;2,46;55,75;48,74;0,82
11,15;-0,94;1,45;2,46;55,75;48,74;0,82
11,17;-0,94;1,45;2,46;55,75;48,74;0,82
11,19;-0,94;1,45;2,46;55,75;48,74;0,82
11,19;-2,11;-1,38;2,35;55,75;48,74;0,82
11,19;-2,11;-1,38;2,35;55,75;48,74;0,82
11,20;-2,11;-1,38;2,35;55,75;48,74;0,82
11,23;-2,11;-1,38;2,35;55,75;48,74;0,82
11,24;-2,11;-1,38;2,35;55,75;48,74;0,82
11,26;-2,11;-1,38;2,35;55,75;48,74;0,82
11,26;-2,11;-1,38;2,35;55,75;48,74;0,82
11,27;-1,96;-1,80;-0,21;55,75;48,74;0,82
11,28;-1,96;-1,80;-0,21;55,75;48,74;0,82
11,30;-1,96;-1,80;-0,21;55,75;48,74;0,82
11,32;-1,96;-1,80;-0,21;55,75;48,74;0,82
11,32;-1,96;-1,80;-0,21;55,75;48,74;0,82
11,33;-0,27;-2,04;-1,51;55,75;48,74;0,82
11,34;-0,27;-2,04;-1,51;55,75;48,74;0,82
11,36;-0,27;-2,04;-1,51;55,75;48,74;0,82
11,38;-0,27;-2,04;-1,51;55,75;48,74;0,82
11,40;-0,27;-2,04;-1,51;55,75;48,74;0,82
11,40;-0,27;-2,04;-1,51;55,75;48,74;0,82
11,40;-0,08;-1,91;-2,01;55,75;48,74;0,82
11,42;-0,08;-1,91;-2,01;55,75;48,74;0,82
11,44;-0,08;-1,91;-2,01;55,75;48,74;0,82
11,46;-0,08;-1,91;-2,01;55,75;48,74;0,82
11,46;-0,08;-1,91;-2,01;55,75;48,74;0,82
11,46;0,66;-0,43;-4,09;55,75;48,74;0,82
11,48;0,66;-0,43;-4,09;55,75;48,74;0,82
11,50;0,66;-0,43;-4,09;55,75;48,74;0,82
11,52;0,66;-0,43;-4,09;55,75;48,74;0,82
11,52;0,66;-0,43;-4,09;55,75;48,74;0,82
11,52;0,64;0,55;-2,09;55,75;48,74;0,82
11,54;0,64;0,55;-2,09;55,75;48,74;0,82
11,56;0,64;0,55;-2,09;55,75;48,74;0,82
11,58;0,64;0,55;-2,09;55,75;48,74;0,82
11,60;0,64;0,55;-2,09;55,75;48,74;0,82
11,60;0,08;1,11;1,42;55,75;48,74;0,82
11,60;0,08;1,11;1,42;55,75;48,74;0,82
11,62;0,08;1,11;1,42;55,75;48,74;0,82
11,64;0,08;1,11;1,42;55,75;48,74;0,82
11,66;0,08;1,11;1,42;55,75;48,74;0,82
11,66;2,14;1,88;4,28;55,75;48,74;0,82
11,66;2,14;1,88;4,28;55,75;48,74;0,82
11,68;2,14;1,88;4,28;55,75;48,74;0,82
11,70;2,14;1,88;4,28;55,75;48,74;0,82
11,72;2,14;1,88;4,28;55,75;48,74;0,82
11,74;2,14;1,88;4,28;55,75;48,74;0,82
11,74;2,94;2,17;2,38;55,75;48,74;0,82
11,74;2,94;2,17;2,38;55,75;48,74;0,82
11,76;2,94;2,17;2,38;55,75;48,74;0,82
11,77;2,94;2,17;2,38;55,75;48,74;0,82
11,80;2,94;2,17;2,38;55,75;48,74;0,82
11,80;2,94;2,17;2,38;55,75;48,74;0,82
11,80;-0,95;-1,75;1,95;55,75;48,74;0,82
11,82;-0,95;-1,75;1,95;55,75;48,74;0,82
11,83;-0,95;-1,75;1,95;55,75;48,74;0,82
11,85;-0,95;-1,75;1,95;55,75;48,74;0,82
11,86;-0,95;-1,75;1,95;55,75;48,74;0,82
11,86;-0,59;-3,06;-0,18;55,75;48,74;0,82
11,87;-0,59;-3,06;-0,18;55,75;48,74;0,82
11,89;-0,59;-3,06;-0,18;55,75;48,74;0,82
11,91;-0,59;-3,06;-0,18;55,75;48,74;0,82
11,93;-0,59;-3,06;-0,18;55,75;48,74;0,82
11,93;-0,59;-3,06;-0,18;55,75;48,74;0,82
11,93;-0,23;-1,01;-2,45;55,75;48,74;0,82
11,96;-0,23;-1,01;-2,45;55,75;48,74;0,82
11,97;-0,23;-1,01;-2,45;55,75;48,74;0,82
11,99;-0,23;-1,01;-2,45;55,75;48,74;0,97
11,99;-0,85;-0,22;-2,56;55,75;48,74;0,97
11,99;-0,85;-0,22;-2,56;55,75;48,74;0,97
12,01;-0,85;-0,22;-2,56;55,75;48,74;0,97
12,03;-0,85;-0,22;-2,56;55,75;48,74;0,97
12,05;-0,85;-0,22;-2,56;55,75;48,74;0,97
12,07;-0,85;-0,22;-2,56;55,75;48,74;0,97
12,07;-0,85;-0,22;-2,56;55,75;48,74;0,97
12,07;-0,71;0,27;-2,77;55,75;48,74;0,97
12,09;-0,71;0,27;-2,77;55,75;48,74;0,97
12,11;-0,71;0,27;-2,77;55,75;48,74;0,97
12,13;-0,71;0,27;-2,77;55,75;48,74;0,97
12,13;-0,62;0,66;-1,61;55,75;48,74;0,97
12,13;-0,62;0,66;-1,61;55,75;48,74;0,97
12,15;-0,62;0,66;-1,61;55,75;48,74;0,97
12,17;-0,62;0,66;-1,61;55,75;48,74;0,97
12,19;-0,62;0,66;-1,61;55,75;48,74;0,97
12,19;0,23;0,99;1,10;55,75;48,74;0,97
12,19;0,23;0,99;1,10;55,75;48,74;0,97
12,21;0,23;0,99;1,10;55,75;48,74;0,97
12,23;0,23;0,99;1,10;55,75;48,74;0,97
12,25;0,23;0,99;1,10;55,75;48,74;0,97
12,27;0,23;0,99;1,10;55,75;48,74;0,97
12,27;-0,32;1,33;3,45;55,75;48,74;0,97
12,27;-0,32;1,33;3,45;55,75;48,74;0,97
12,29;-0,32;1,33;3,45;55,75;48,74;0,97
12,31;-0,32;1,33;3,45;55,75;48,74;0,97
12,33;-0,32;1,33;3,45;55,75;48,74;0,97
12,33;-0,32;1,33;3,45;55,75;48,74;0,97
12,33;0,12;0,78;7,23;55,75;48,74;0,97
12,35;0,12;0,78;7,23;55,75;48,74;0,97
12,37;0,12;0,78;7,23;55,75;48,74;0,97
12,39;0,12;0,78;7,23;55,75;48,74;0,97
12,39;0,12;0,78;7,23;55,75;48,74;0,97
12,39;-0,72;-1,88;1,33;55,75;48,74;0,97
12,41;-0,72;-1,88;1,33;55,75;48,74;0,97
12,42;-0,72;-1,88;1,33;55,75;48,74;0,97
12,44;-0,72;-1,88;1,33;55,75;48,74;0,97
12,46;-0,72;-1,88;1,33;55,75;48,74;0,97
12,47;1,24;-1,49;-3,73;55,75;48,74;0,97
12,47;1,24;-1,49;-3,73;55,75;48,74;0,97
12,48;1,24;-1,49;-3,73;55,75;48,74;0,97
12,50;1,24;-1,49;-3,73;55,75;48,74;0,97
12,52;1,24;-1,49;-3,73;55,75;48,74;0,97
12,52;1,24;-1,49;-3,73;55,75;48,74;0,97
12,52;-0,22;-1,16;-2,56;55,75;48,74;0,97
12,54;-0,22;-1,16;-2,56;55,75;48,74;0,97
12,56;-0,22;-1,16;-2,56;55,75;48,74;0,97
12,58;-0,22;-1,16;-2,56;55,75;48,74;0,97
12,60;-0,22;-1,16;-2,56;55,75;48,74;0,97
12,60;-0,22;-1,16;-2,56;55,75;48,74;0,97
12,60;-1,17;-0,75;-2,13;55,75;48,74;0,97
12,62;-1,17;-0,75;-2,13;55,75;48,74;0,97
12,64;-1,17;-0,75;-2,13;55,75;48,74;0,97
12,66;-1,17;-0,75;-2,13;55,75;48,74;0,97
12,66;-1,17;-0,75;-2,13;55,75;48,74;0,97
12,66;-0,78;0,21;-2,39;55,75;48,74;0,97
12,68;-0,78;0,21;-2,39;55,75;48,74;0,97
12,70;-0,78;0,21;-2,39;55,75;48,74;0,97
12,72;-0,78;0,21;-2,39;55,75;48,74;0,97
12,72;-0,27;0,63;-0,11;55,75;48,74;0,97
12,72;-0,27;0,63;-0,11;55,75;48,74;0,97
12,74;-0,27;0,63;-0,11;55,75;48,74;0,97
12,76;-0,27;0,63;-0,11;55,75;48,74;0,97
12,78;-0,27;0,63;-0,11;55,75;48,74;0,97
12,80;-0,27;0,63;-0,11;55,75;48,74;0,97
12,80;0,52;0,57;1,91;55,75;48,74;0,97
12,80;0,52;0,57;1,91;55,75;48,74;0,97
12,82;0,52;0,57;1,91;55,75;48,74;0,97
12,84;0,52;0,57;1,91;55,75;48,74;0,97
12,86;0,52;0,57;1,91;55,75;48,74;0,97
12,86;2,18;0,81;3,98;55,75;48,74;0,97
12,86;2,18;0,81;3,98;55,75;48,74;0,97
12,88;2,18;0,81;3,98;55,75;48,74;0,97
12,90;2,18;0,81;3,98;55,75;48,74;0,97
12,92;2,18;0,81;3,98;55,75;48,74;0,97
12,94;2,18;0,81;3,98;55,75;48,74;0,97
12,94;3,09;-0,15;1,90;55,75;48,74;0,97
12,94;3,09;-0,15;1,90;55,75;48,74;0,97
12,95;3,09;-0,15;1,90;55,75;48,74;0,97
12,98;3,09;-0,15;1,90;55,75;48,74;0,97
13,00;3,09;-0,15;1,90;55,75;48,74;0,97
13,00;3,09;-0,15;1,90;55,75;48,74;0,97
13,00;0,50;-2,35;-0,91;55,75;48,74;0,97
13,01;0,50;-2,35;-0,91;55,75;48,74;0,97
13,03;0,50;-2,35;-0,91;55,75;48,74;0,97
13,05;0,50;-2,35;-0,91;55,75;48,74;0,97
13,06;0,50;-2,35;-0,91;55,75;48,74;0,97
13,06;1,21;-2,00;0,11;55,75;48,74;0,97
13,07;1,21;-2,00;0,11;55,75;48,74;0,97
13,09;1,21;-2,00;0,11;55,75;48,74;0,97
13,11;1,21;-2,00;0,11;55,75;48,74;0,97
13,13;1,21;-2,00;0,11;55,75;48,74;0,97
13,14;-1,28;-0,62;-1,36;55,75;48,74;0,97
13,14;-1,28;-0,62;-1,36;55,75;48,74;0,97
13,15;-1,28;-0,62;-1,36;55,75;48,74;0,97
13,17;-1,28;-0,62;-1,36;55,75;48,74;0,97
13,19;-1,28;-0,62;-1,36;55,75;48,74;0,97
13,19;-1,68;-0,54;-3,74;55,75;48,74;0,97
13,19;-1,68;-0,54;-3,74;55,75;48,74;0,97
13,21;-1,68;-0,54;-3,74;55,75;48,74;0,97
13,23;-1,68;-0,54;-3,74;55,75;48,74;0,97
13,25;-1,68;-0,54;-3,74;55,75;48,74;0,97
13,27;-1,68;-0,54;-3,74;55,75;48,74;0,97
13,27;-0,99;-0,35;-3,64;55,75;48,74;0,97
13,28;-0,99;-0,35;-3,64;55,75;48,74;0,97
13,29;-0,99;-0,35;-3,64;55,75;48,74;0,97
13,31;-0,99;-0,35;-3,64;55,75;48,74;0,97
13,33;-0,99;-0,35;-3,64;55,75;48,74;0,97
13,33;-0,99;-0,35;-3,64;55,75;48,74;0,97
13,33;-0,72;0,57;0,21;55,75;48,74;0,97
13,35;-0,72;0,57;0,21;55,75;48,74;0,97
13,37;-0,72;0,57;0,21;55,75;48,74;0,97
13,39;-0,72;0,57;0,21;55,75;48,74;0,97
13,39;-0,72;0,57;0,21;55,75;48,74;0,97
13,39;0,42;2,41;2,91;55,75;48,74;0,97
13,41;0,42;2,41;2,91;55,75;48,74;0,97
13,43;0,42;2,41;2,91;55,75;48,74;0,97
13,45;0,42;2,41;2,91;55,75;48,74;0,97
13,47;0,42;2,41;2,91;55,75;48,74;0,97
13,47;0,57;2,25;3,21;55,75;48,74;0,97
13,47;0,57;2,25;3,21;55,75;48,74;0,97
13,49;0,57;2,25;3,21;55,75;48,74;0,97
13,51;0,57;2,25;3,21;55,75;48,74;0,97
13,53;0,57;2,25;3,21;55,75;48,74;0,97
13,53;-0,90;-0,77;3,13;55,75;48,74;0,97
13,53;-0,90;-0,77;3,13;55,75;48,74;0,97
13,55;-0,90;-0,77;3,13;55,75;48,74;0,97
13,56;-0,90;-0,77;3,13;55,75;48,74;0,97
13,59;-0,90;-0,77;3,13;55,75;48,74;0,97
13,59;-0,90;-0,77;3,13;55,75;48,74;0,97
13,59;-1,34;-0,95;0,20;55,75;48,74;0,97
13,60;-1,34;-0,95;0,20;55,75;48,74;0,97
13,62;-1,34;-0,95;0,20;55,75;48,74;0,97
13,64;-1,34;-0,95;0,20;55,75;48,74;0,97
13,66;-1,34;-0,95;0,20;55,75;48,74;0,97
13,66;-1,34;-0,95;0,20;55,75;48,74;0,97
13,67;-1,15;-1,13;-0,62;55,75;48,74;0,97
13,68;-1,15;-1,13;-0,62;55,75;48,74;0,97
13,70;-1,15;-1,13;-0,62;55,75;48,74;0,97
13,72;-1,15;-1,13;-0,62;55,75;48,74;0,97
13,72;-1,15;-1,13;-0,62;55,75;48,74;0,97
13,72;-1,62;-0,83;-1,73;55,75;48,74;0,97
13,74;-1,62;-0,83;-1,73;55,75;48,74;0,97
13,76;-1,62;-0,83;-1,73;55,75;48,74;0,97
13,78;-1,62;-0,83;-1,73;55,75;48,74;0,97
13,80;-1,62;-0,83;-1,73;55,75;48,74;0,97
13,80;-1,62;-0,83;-1,73;55,75;48,74;0,97
13,80;-0,63;-0,39;-3,11;55,75;48,74;0,97
13,82;-0,63;-0,39;-3,11;55,75;48,74;0,97
13,84;-0,63;-0,39;-3,11;55,75;48,74;0,97
13,86;-0,63;-0,39;-3,11;55,75;48,74;0,97
13,86;-0,63;-0,39;-3,11;55,75;48,74;0,97
13,86;-0,43;0,04;-1,94;55,75;48,74;0,97
13,88;-0,43;0,04;-1,94;55,75;48,74;0,97
13,90;-0,43;0,04;-1,94;55,75;48,74;0,97
13,92;-0,43;0,04;-1,94;55,75;48,74;0,97
13,92;-0,43;0,04;-1,94;55,75;48,74;0,97
13,92;0,11;0,69;1,24;55,75;48,74;0,97
13,94;0,11;0,69;1,24;55,75;48,74;0,97
13,97;0,11;0,69;1,24;55,75;48,74;0,97
13,98;0,11;0,69;1,24;55,75;48,74;0,97
14,00;0,11;0,69;1,24;55,75;48,74;1,07
14,00;0,11;0,69;1,24;55,75;48,74;1,07
14,00;0,91;0,44;4,18;55,75;48,74;1,07
14,02;0,91;0,44;4,18;55,75;48,74;1,07
14,04;0,91;0,44;4,18;55,75;48,74;1,07
14,06;0,91;0,44;4,18;55,75;48,74;1,07
14,06;0,91;0,44;4,18;55,75;48,74;1,07
14,06;2,53;1,29;1,90;55,75;48,74;1,07
14,08;2,53;1,29;1,90;55,75;48,74;1,07
14,10;2,53;1,29;1,90;55,75;48,74;1,07
14,12;2,53;1,29;1,90;55,75;48,74;1,07
14,14;2,53;1,29;1,90;55,75;48,74;1,07
14,14;2,52;-1,51;1,47;55,75;48,74;1,07
14,14;2,52;-1,51;1,47;55,75;48,74;1,07
14,15;2,52;-1,51;1,47;55,75;48,74;1,07
14,18;2,52;-1,51;1,47;55,75;48,74;1,07
14,19;2,52;-1,51;1,47;55,75;48,74;1,07
14,20;2,52;-1,51;1,47;55,75;48,74;1,07
14,20;1,02;-2,29;-0,45;55,75;48,74;1,07
14,21;1,02;-2,29;-0,45;55,75;48,74;1,07
14,23;1,02;-2,29;-0,45;55,75;48,74;1,07
14,25;1,02;-2,29;-0,45;55,75;48,74;1,07
14,26;1,02;-2,29;-0,45;55,75;48,74;1,07
14,26;0,34;-1,27;-2,16;55,75;48,74;1,07
14,27;0,34;-1,27;-2,16;55,75;48,74;1,07
14,29;0,34;-1,27;-2,16;55,75;48,74;1,07
14,31;0,34;-1,27;-2,16;55,75;48,74;1,07
14,33;0,34;-1,27;-2,16;55,75;48,74;1,07
14,33;-1,56;-0,89;-3,74;55,75;48,74;1,07
14,34;-1,56;-0,89;-3,74;55,75;48,74;1,07
14,35;-1,56;-0,89;-3,74;55,75;48,74;1,07
14,37;-1,56;-0,89;-3,74;55,75;48,74;1,07
14,39;-1,56;-0,89;-3,74;55,75;48,74;1,07
14,39;-1,56;-0,89;-3,74;55,75;48,74;1,07
14,39;-0,56;-0,17;-3,98;55,75;48,74;1,07
14,41;-0,56;-0,17;-3,98;55,75;48,74;1,07
14,43;-0,56;-0,17;-3,98;55,75;48,74;1,07
14,45;-0,56;-0,17;-3,98;55,75;48,74;1,07
14,47;-0,56;-0,17;-3,98;55,75;48,74;1,07
14,47;-0,90;1,15;-0,72;55,75;48,74;1,07
14,47;-0,90;1,15;-0,72;55,75;48,74;1,07
14,49;-0,90;1,15;-0,72;55,75;48,74;1,07
14,51;-0,90;1,15;-0,72;55,75;48,74;1,07
14,53;-0,90;1,15;-0,72;55,75;48,74;1,07
14,53;-0,30;2,37;2,09;55,75;48,74;1,07
14,53;-0,30;2,37;2,09;55,75;48,74;1,07
14,55;-0,30;2,37;2,09;55,75;48,74;1,07
14,57;-0,30;2,37;2,09;55,75;48,74;1,07
14,59;-0,30;2,37;2,09;55,75;48,74;1,07
14,59;-0,30;2,37;2,09;55,75;48,74;1,07
14,59;0,13;2,26;4,09;55,75;48,74;1,07
14,61;0,13;2,26;4,09;55,75;48,74;1,07
14,63;0,13;2,26;4,09;55,75;48,74;1,07
14,65;0,13;2,26;4,09;55,75;48,74;1,07
14,67;0,13;2,26;4,09;55,75;48,74;1,07
14,67;0,13;2,26;4,09;55,75;48,74;1,07
14,67;0,23;-0,20;5,58;55,75;48,74;1,07
14,69;0,23;-0,20;5,58;55,75;48,74;1,07
14,71;0,23;-0,20;5,58;55,75;48,74;1,07
14,73;0,23;-0,20;5,58;55,75;48,74;1,07
14,73;0,23;-0,20;5,58;55,75;48,74;1,07
14,73;-1,12;-2,03;1,24;55,75;48,74;1,07
14,75;-1,12;-2,03;1,24;55,75;48,74;1,07
14,76;-1,12;-2,03;1,24;55,75;48,74;1,07
14,78;-1,12;-2,03;1,24;55,75;48,74;1,07
14,80;-1,12;-2,03;1,24;55,75;48,74;1,07
14,81;-0,14;-1,39;-2,95;55,75;48,74;1,07
14,81;-0,14;-1,39;-2,95;55,75;48,74;1,07
14,82;-0,14;-1,39;-2,95;55,75;48,74;1,07
14,84;-0,14;-1,39;-2,95;55,75;48,74;1,07
14,87;-0,14;-1,39;-2,95;55,75;48,74;1,07
14,87;-1,49;-1,15;-2,32;55,75;48,74;1,07
14,87;-1,49;-1,15;-2,32;55,75;48,74;1,07
14,88;-1,49;-1,15;-2,32;55,75;48,74;1,07
14,90;-1,49;-1,15;-2,32;55,75;48,74;1,07
14,92;-1,49;-1,15;-2,32;55,75;48,74;1,07
14,92;-1,62;-1,02;-3,18;55,75;48,74;1,07
14,92;-1,62;-1,02;-3,18;55,75;48,74;1,07
14,94;-1,62;-1,02;-3,18;55,75;48,74;1,07
14,96;-1,62;-1,02;-3,18;55,75;48,74;1,07
14,98;-1,62;-1,02;-3,18;55,75;48,74;1,07
15,00;-1,62;-1,02;-3,18;55,75;48,74;1,07
15,00;-1,62;-1,02;-3,18;55,75;48,74;1,07
15,00;0,03;0,55;-2,50;55,75;48,74;1,07
15,02;0,03;0,55;-2,50;55,75;48,74;1,07
15,04;0,03;0,55;-2,50;55,75;48,74;1,07
15,06;0,03;0,55;-2,50;55,75;48,74;1,07
15,06;1,12;0,91;2,66;55,75;48,74;1,07
15,06;1,12;0,91;2,66;55,75;48,74;1,07
15,08;1,12;0,91;2,66;55,75;48,74;1,07
15,10;1,12;0,91;2,66;55,75;48,74;1,07
15,12;1,12;0,91;2,66;55,75;48,74;1,07
15,12;-0,07;1,34;2,74;55,75;48,74;1,07
15,12;-0,07;1,34;2,74;55,75;48,74;1,07
15,14;-0,07;1,34;2,74;55,75;48,74;1,07
15,16;-0,07;1,34;2,74;55,75;48,74;1,07
15,18;-0,07;1,34;2,74;55,75;48,74;1,07
15,20;-0,07;1,34;2,74;55,75;48,74;1,07
15,20;-0,07;1,34;2,74;55,75;48,74;1,07
15,20;1,54;1,30;2,47;55,75;48,74;1,07
15,22;1,54;1,30;2,47;55,75;48,74;1,07
15,24;1,54;1,30;2,47;55,75;48,74;1,07
15,26;1,54;1,30;2,47;55,75;48,74;1,07
15,26;2,49;-1,23;1,25;55,75;48,74;1,07
15,26;2,49;-1,23;1,25;55,75;48,74;1,07
15,28;2,49;-1,23;1,25;55,75;48,74;1,07
15,30;2,49;-1,23;1,25;55,75;48,74;1,07
15,32;2,49;-1,23;1,25;55,75;48,74;1,07
15,34;2,49;-1,23;1,25;55,75;48,74;1,07
15,34;2,49;-1,23;1,25;55,75;48,74;1,07
15,34;1,44;-3,14;-0,79;55,75;48,74;1,07
15,36;1,44;-3,14;-0,79;55,75;48,74;1,07
15,37;1,44;-3,14;-0,79;55,75;48,74;1,07
15,39;0,82;-1,51;-3,01;55,75;48,74;1,07
15,40;0,82;-1,51;-3,01;55,75;48,74;1,07
15,40;0,82;-1,51;-3,01;55,75;48,74;1,07
15,41;0,82;-1,51;-3,01;55,75;48,74;1,07
15,43;0,82;-1,51;-3,01;55,75;48,74;1,07
15,45;0,82;-1,51;-3,01;55,75;48,74;1,07
15,45;0,82;-1,51;-3,01;55,75;48,74;1,07
15,46;-1,72;-0,46;-2,40;55,75;48,74;1,07
15,47;-1,72;-0,46;-2,40;55,75;48,74;1,07
15,49;-1,72;-0,46;-2,40;55,75;48,74;1,07
15,51;-1,72;-0,46;-2,40;55,75;48,74;1,07
15,53;-1,72;-0,46;-2,40;55,75;48,74;1,07
15,53;-1,72;-0,46;-2,40;55,75;48,74;1,07
15,53;-1,80;0,25;-1,68;55,75;48,74;1,07
15,55;-1,80;0,25;-1,68;55,75;48,74;1,07
15,57;-1,80;0,25;-1,68;55,75;48,74;1,07
15,59;-1,80;0,25;-1,68;55,75;48,74;1,07
15,59;-1,80;0,25;-1,68;55,75;48,74;1,07
15,59;-0,64;1,15;-1,43;55,75;48,74;1,07
15,61;-0,64;1,15;-1,43;55,75;48,74;1,07
15,63;-0,64;1,15;-1,43;55,75;48,74;1,07
15,65;-0,64;1,15;-1,43;55,75;48,74;1,07
15,67;-0,64;1,15;-1,43;55,75;48,74;1,07
15,67;0,68;1,96;0,96;55,75;48,74;1,07
15,67;0,68;1,96;0,96;55,75;48,74;1,07
15,69;0,68;1,96;0,96;55,75;48,74;1,07
15,71;0,68;1,96;0,96;55,75;48,74;1,07
15,73;0,68;1,96;0,96;55,75;48,74;1,07
15,73;0,68;1,96;0,96;55,75;48,74;1,07
15,73;0,18;2,18;3,23;55,75;48,74;1,07
15,75;0,18;2,18;3,23;55,75;48,74;1,07
15,77;0,18;2,18;3,23;55,75;48,74;1,07
15,79;0,18;2,18;3,23;55,75;48,74;1,07
15,79;0,18;2,18;3,23;55,75;48,74;1,07
15,79;0,22;1,14;5,20;55,75;48,74;1,07
15,81;0,22;1,14;5,20;55,75;48,74;1,07
15,83;0,22;1,14;5,20;55,75;48,74;1,07
15,85;0,22;1,14;5,20;55,75;48,74;1,07
15,87;0,22;1,14;5,20;55,75;48,74;1,07
15,87;-2,92;-1,58;1,81;55,75;48,74;1,07
15,87;-2,92;-1,58;1,81;55,75;48,74;1,07
15,89;-2,92;-1,58;1,81;55,75;48,74;1,07
15,91;-2,92;-1,58;1,81;55,75;48,74;1,07
15,93;-2,92;-1,58;1,81;55,75;48,74;1,07
15,93;-1,82;-2,07;-0,98;55,75;48,74;1,07
15,93;-1,82;-2,07;-0,98;55,75;48,74;1,07
15,94;-1,82;-2,07;-0,98;55,75;48,74;1,07
15,96;-1,82;-2,07;-0,98;55,75;48,74;1,07
15,98;-1,82;-2,07;-0,98;55,75;48,74;1,07
16,00;-1,82;-2,07;-0,98;55,75;48,74;1,07
16,01;-1,82;-2,07;-0,98;55,75;48,74;1,07
16,01;0,52;-2,33;-1,98;55,75;48,74;1,07
16,02;0,52;-2,33;-1,98;55,75;48,74;1,07
16,04;0,52;-2,33;-1,98;55,75;48,74;1,07
16,06;0,52;-2,33;-1,98;55,75;48,74;1,07
16,06;-0,21;-1,92;-3,67;55,75;48,74;1,07
16,07;-0,21;-1,92;-3,67;55,75;48,74;1,07
16,08;-0,21;-1,92;-3,67;55,75;48,74;1,07
16,10;-0,21;-1,92;-3,67;55,75;48,74;1,07
16,12;-0,21;-1,92;-3,67;55,75;48,74;1,07
16,12;-0,21;-1,92;-3,67;55,75;48,74;1,07
16,12;0,14;-0,28;-3,82;55,75;48,74;1,07
16,14;0,14;-0,28;-3,82;55,75;48,74;1,07
16,16;0,14;-0,28;-3,82;55,75;48,74;1,07
16,18;0,14;-0,28;-3,82;55,75;48,74;1,07
16,20;0,14;-0,28;-3,82;55,75;48,74;1,07
16,20;2,18;1,13;1,19;55,75;48,74;1,07
16,21;2,18;1,13;1,19;55,75;48,74;1,07
16,22;2,18;1,13;1,19;55,75;48,74;1,07
16,24;2,18;1,13;1,19;55,75;48,74;1,07
16,26;2,18;1,13;1,19;55,75;48,74;1,07
16,26;2,18;1,13;1,19;55,75;48,74;1,07
16,26;0,51;2,38;2,25;55,75;48,74;1,07
16,28;0,51;2,38;2,25;55,75;48,74;1,07
16,30;0,51;2,38;2,25;55,75;48,74;1,07
16,32;0,51;2,38;2,25;55,75;48,74;1,07
16,32;0,51;2,38;2,25;55,75;48,74;1,07
16,32;-0,08;2,25;1,99;55,75;48,74;1,07
16,34;-0,08;2,25;1,99;55,75;48,74;1,07
16,36;-0,08;2,25;1,99;55,75;48,74;1,07
16,38;-0,08;2,25;1,99;55,75;48,74;1,07
16,40;1,51;-0,60;3,13;55,75;48,74;1,07
16,40;1,51;-0,60;3,13;55,75;48,74;1,07
16,40;1,51;-0,60;3,13;55,75;48,74;1,07
16,42;1,51;-0,60;3,13;55,75;48,74;1,07
16,44;1,51;-0,60;3,13;55,75;48,74;1,07
16,46;1,51;-0,60;3,13;55,75;48,74;1,07
16,46;1,51;-0,60;3,13;55,75;48,74;1,07
16,46;-0,01;-3,01;2,34;55,75;48,74;1,07
16,48;-0,01;-3,01;2,34;55,75;48,74;1,07
16,50;-0,01;-3,01;2,34;55,75;48,74;1,07
16,52;-0,01;-3,01;2,34;55,75;48,74;1,07
16,54;-0,01;-3,01;2,34;55,75;48,74;1,07
16,54;1,45;-1,79;-2,25;55,75;48,74;1,07
16,54;1,45;-1,79;-2,25;55,75;48,74;1,07
16,55;1,45;-1,79;-2,25;55,75;48,74;1,07
16,57;1,45;-1,79;-2,25;55,75;48,74;1,07
16,59;1,45;-1,79;-2,25;55,75;48,74;1,07
16,60;-0,99;-1,15;-3,87;55,75;48,74;1,07
16,60;-0,99;-1,15;-3,87;55,75;48,74;1,07
16,61;-0,99;-1,15;-3,87;55,75;48,74;1,07
16,63;-0,99;-1,15;-3,87;55,75;48,74;1,07
16,65;-0,99;-1,15;-3,87;55,75;48,74;1,07
16,65;-1,39;-0,68;-3,88;55,75;48,74;1,07
16,65;-1,39;-0,68;-3,88;55,75;48,74;1,07
16,67;-1,39;-0,68;-3,88;55,75;48,74;1,07
16,69;-1,39;-0,68;-3,88;55,75;48,74;1,07
16,71;-1,39;-0,68;-3,88;55,75;48,74;1,07
16,73;-1,39;-0,68;-3,88;55,75;48,74;1,07
16,73;-1,39;-0,68;-3,88;55,75;48,74;1,07
16,74;-0,59;0,57;-1,64;55,75;48,74;1,07
16,75;-0,59;0,57;-1,64;55,75;48,74;1,07
16,77;-0,59;0,57;-1,64;55,75;48,74;1,07
16,79;-0,59;0,57;-1,64;55,75;48,74;1,07
16,79;0,21;2,31;1,62;55,75;48,74;1,07
16,79;0,21;2,31;1,62;55,75;48,74;1,07
16,81;0,21;2,31;1,62;55,75;48,74;1,07
16,83;0,21;2,31;1,62;55,75;48,74;1,07
16,85;0,21;2,31;1,62;55,75;48,74;1,07
16,87;0,21;2,31;1,62;55,75;48,74;1,07
16,87;0,21;2,31;1,62;55,75;48,74;1,07
16,87;-0,38;2,18;2,48;55,75;48,74;1,07
16,89;-0,38;2,18;2,48;55,75;48,74;1,07
16,91;-0,38;2,18;2,48;55,75;48,74;1,07
16,93;-0,38;2,18;2,48;55,75;48,74;1,07
16,93;-0,38;2,18;2,48;55,75;48,74;1,07
16,93;-0,82;1,77;2,38;55,75;48,74;1,07
16,95;-0,82;1,77;2,38;55,75;48,74;1,07
16,97;-0,82;1,77;2,38;55,75;48,74;1,07
16,99;-0,82;1,77;2,38;55,75;48,74;0,00
16,99;-0,82;1,77;2,38;55,75;48,74;0,00
16,99;-0,72;-1,08;3,75;55,75;48,74;0,00
17,01;-0,72;-1,08;3,75;55,75;48,74;0,00
17,03;-0,72;-1,08;3,75;55,75;48,74;0,00
17,05;-0,72;-1,08;3,75;55,75;48,74;0,00
17,07;-0,72;-1,08;3,75;55,75;48,74;0,00
17,07;-0,72;-1,08;3,75;55,75;48,74;0,00
17,07;-1,18;-1,78;0,26;55,75;48,74;0,00
17,09;-1,18;-1,78;0,26;55,75;48,74;0,00
17,10;-1,18;-1,78;0,26;55,75;48,74;0,00
17,12;-1,18;-1,78;0,26;55,75;48,74;0,00
17,12;0,75;-0,57;-2,39;55,75;48,74;0,00
17,13;0,75;-0,57;-2,39;55,75;48,74;0,00
17,14;0,75;-0,57;-2,39;55,75;48,74;0,00
17,16;0,75;-0,57;-2,39;55,75;48,74;0,00
17,18;0,75;-0,57;-2,39;55,75;48,74;0,00
17,20;0,75;-0,57;-2,39;55,75;48,74;0,00
17,21;-1,29;-1,58;-1,58;55,75;48,74;0,00
17,21;-1,29;-1,58;-1,58;55,75;48,74;0,00
17,22;-1,29;-1,58;-1,58;55,75;48,74;0,00
17,24;-1,29;-1,58;-1,58;55,75;48,74;0,00
17,26;-1,29;-1,58;-1,58;55,75;48,74;0,00
17,26;-1,29;-1,58;-1,58;55,75;48,74;0,00
17,27;-0,42;-1,05;-3,07;55,75;48,74;0,00
17,28;-0,42;-1,05;-3,07;55,75;48,74;0,00
17,30;-0,42;-1,05;-3,07;55,75;48,74;0,00
17,32;-0,42;-1,05;-3,07;55,75;48,74;0,00
17,32;-0,42;-1,05;-3,07;55,75;48,74;0,00
17,32;-0,15;0,22;-2,37;55,75;48,74;0,00
17,34;-0,15;0,22;-2,37;55,75;48,74;0,00
17,36;-0,15;0,22;-2,37;55,75;48,74;0,00
17,38;-0,15;0,22;-2,37;55,75;48,74;0,00
17,40;-0,15;0,22;-2,37;55,75;48,74;0,00
17,40;-0,15;0,22;-2,37;55,75;48,74;0,00
17,40;1,23;1,40;0,87;55,75;48,74;0,00
17,42;1,23;1,40;0,87;55,75;48,74;0,00
17,44;1,23;1,40;0,87;55,75;48,74;0,00
17,46;1,23;1,40;0,87;55,75;48,74;0,00
17,46;1,26;2,50;4,02;55,75;48,74;0,00
17,46;1,26;2,50;4,02;55,75;48,74;0,00
17,48;1,26;2,50;4,02;55,75;48,74;0,00
17,50;1,26;2,50;4,02;55,75;48,74;0,00
17,52;1,26;2,50;4,02;55,75;48,74;0,00
17,52;2,62;1,10;2,59;55,75;48,74;0,00
17,52;2,62;1,10;2,59;55,75;48,74;0,00
17,54;2,62;1,10;2,59;55,75;48,74;0,00
17,56;2,62;1,10;2,59;55,75;48,74;0,00
17,58;2,62;1,10;2,59;55,75;48,74;0,00
17,60;2,62;1,10;2,59;55,75;48,74;0,00
17,60;1,07;-2,98;2,77;55,75;48,74;0,00
17,60;1,07;-2,98;2,77;55,75;48,74;0,00
17,62;1,07;-2,98;2,77;55,75;48,74;0,00
17,64;1,07;-2,98;2,77;55,75;48,74;0,00
17,66;1,07;-2,98;2,77;55,75;48,74;0,00
17,66;1,07;-2,98;2,77;55,75;48,74;0,00
17,66;2,14;-2,44;-0,84;55,75;48,74;0,00
17,68;2,14;-2,44;-0,84;55,75;48,74;0,00
17,70;2,14;-2,44;-0,84;55,75;48,74;0,00
17,72;2,14;-2,44;-0,84;55,75;48,74;0,00
17,74;2,14;-2,44;-0,84;55,75;48,74;0,00
17,74;2,14;-2,44;-0,84;55,75;48,74;0,00
17,74;-0,20;-0,95;-2,90;55,75;48,74;0,00
17,75;-0,20;-0,95;-2,90;55,75;48,74;0,00
17,77;-0,20;-0,95;-2,90;55,75;48,74;0,00
17,79;-0,20;-0,95;-2,90;55,75;48,74;0,00
17,79;-2,37;-1,18;-3,42;55,75;48,74;0,00
17,79;-2,37;-1,18;-3,42;55,75;48,74;0,00
17,81;-2,37;-1,18;-3,42;55,75;48,74;0,00
17,83;-2,37;-1,18;-3,42;55,75;48,74;0,00
17,85;-2,37;-1,18;-3,42;55,75;48,74;0,00
17,85;-2,37;-1,18;-3,42;55,75;48,74;0,00
17,86;-1,54;-0,35;-2,65;55,75;48,74;0,00
17,87;-1,54;-0,35;-2,65;55,75;48,74;0,00
17,89;-1,54;-0,35;-2,65;55,75;48,74;0,00
17,91;-1,54;-0,35;-2,65;55,75;48,74;0,00
17,93;-1,54;-0,35;-2,65;55,75;48,74;0,00
17,93;-1,54;-0,35;-2,65;55,75;48,74;0,00
17,93;-0,92;0,99;-1,04;55,75;48,74;0,00
17,96;-0,92;0,99;-1,04;55,75;48,74;0,00
17,97;-0,92;0,99;-1,04;55,75;48,74;0,00
17,99;-0,92;0,99;-1,04;55,75;48,74;0,56
17,99;-0,92;0,99;-1,04;55,75;48,74;0,56
17,99;-0,36;2,27;1,91;55,75;48,74;0,56
18,01;-0,36;2,27;1,91;55,75;48,74;0,56
18,03;-0,36;2,27;1,91;55,75;48,74;0,56
18,05;-0,36;2,27;1,91;55,75;48,74;0,56
18,07;-0,36;2,27;1,91;55,75;48,74;0,56
18,07;0,02;2,28;6,69;55,75;48,74;0,56
18,07;0,02;2,28;6,69;55,75;48,74;0,56
18,09;0,02;2,28;6,69;55,75;48,74;0,56
18,11;0,02;2,28;6,69;55,75;48,74;0,56
18,13;0,02;2,28;6,69;55,75;48,74;0,56
18,13;-0,37;0,04;3,42;55,75;48,74;0,56
18,13;-0,37;0,04;3,42;55,75;48,74;0,56
18,15;-0,37;0,04;3,42;55,75;48,74;0,56
18,17;-0,37;0,04;3,42;55,75;48,74;0,56
18,19;-0,37;0,04;3,42;55,75;48,74;0,56
18,19;-0,37;0,04;3,42;55,75;48,74;0,56
18,19;-1,73;-1,95;-0,64;55,75;48,74;0,56
18,21;-1,73;-1,95;-0,64;55,75;48,74;0,56
18,23;-1,73;-1,95;-0,64;55,75;48,74;0,56
18,25;-1,73;-1,95;-0,64;55,75;48,74;0,56
18,27;-1,73;-1,95;-0,64;55,75;48,74;0,56
18,27;-1,73;-1,95;-0,64;55,75;48,74;0,56
18,27;-0,63;-1,90;-1,53;55,75;48,74;0,56
18,29;-0,63;-1,90;-1,53;55,75;48,74;0,56
18,30;-0,63;-1,90;-1,53;55,75;48,74;0,56
18,32;-0,63;-1,90;-1,53;55,75;48,74;0,56
18,33;-0,63;-1,90;-1,53;55,75;48,74;0,56
18,33;0,18;-1,07;-2,61;55,75;48,74;0,56
18,34;0,18;-1,07;-2,61;55,75;48,74;0,56
18,37;0,18;-1,07;-2,61;55,75;48,74;0,56
18,38;0,18;-1,07;-2,61;55,75;48,74;0,56
18,40;0,18;-1,07;-2,61;55,75;48,74;0,56
18,40;-0,19;-0,41;-3,59;55,75;48,74;0,56
18,41;-0,19;-0,41;-3,59;55,75;48,74;0,56
18,42;-0,19;-0,41;-3,59;55,75;48,74;0,56
18,44;-0,19;-0,41;-3,59;55,75;48,74;0,56
18,46;-0,19;-0,41;-3,59;55,75;48,74;0,56
18,47;-0,19;-0,41;-3,59;55,75;48,74;0,56
18,47;-0,64;0,37;-1,99;55,75;48,74;0,56
18,48;-0,64;0,37;-1,99;55,75;48,74;0,56
18,50;-0,64;0,37;-1,99;55,75;48,74;0,56
18,52;-0,64;0,37;-1,99;55,75;48,74;0,56
18,52;0,04;1,24;1,33;55,75;48,74;0,56
18,52;0,04;1,24;1,33;55,75;48,74;0,56
18,54;0,04;1,24;1,33;55,75;48,74;0,56
18,56;0,04;1,24;1,33;55,75;48,74;0,56
18,58;0,04;1,24;1,33;55,75;48,74;0,56
18,60;0,04;1,24;1,33;55,75;48,74;0,56
18,60;0,68;1,16;2,95;55,75;48,74;0,56
18,60;0,68;1,16;2,95;55,75;48,74;0,56
18,62;0,68;1,16;2,95;55,75;48,74;0,56
18,64;0,68;1,16;2,95;55,75;48,74;0,56
18,66;0,68;1,16;2,95;55,75;48,74;0,56
18,66;0,68;1,16;2,95;55,75;48,74;0,56
18,66;1,90;0,56;4,86;55,75;48,74;0,56
18,68;1,90;0,56;4,86;55,75;48,74;0,56
18,70;1,90;0,56;4,86;55,75;48,74;0,56
18,72;1,90;0,56;4,86;55,75;48,74;0,56
18,72;1,79;-2,13;2,15;55,75;48,74;0,56
18,72;1,79;-2,13;2,15;55,75;48,74;0,56
18,74;1,79;-2,13;2,15;55,75;48,74;0,56
18,76;1,79;-2,13;2,15;55,75;48,74;0,56
18,78;1,79;-2,13;2,15;55,75;48,74;0,56
18,80;1,79;-2,13;2,15;55,75;48,74;0,56
18,80;2,58;-2,09;-2,01;55,75;48,74;0,56
18,80;2,58;-2,09;-2,01;55,75;48,74;0,56
18,82;2,58;-2,09;-2,01;55,75;48,74;0,56
18,84;2,58;-2,09;-2,01;55,75;48,74;0,56
18,86;2,58;-2,09;-2,01;55,75;48,74;0,56
18,86;-1,09;-1,31;-2,51;55,75;48,74;0,56
18,86;-1,09;-1,31;-2,51;55,75;48,74;0,56
18,88;-1,09;-1,31;-2,51;55,75;48,74;0,56
18,90;-1,09;-1,31;-2,51;55,75;48,74;0,56
18,92;-1,09;-1,31;-2,51;55,75;48,74;0,56
18,93;-1,09;-1,31;-2,51;55,75;48,74;0,56
18,94;-1,94;-1,09;-3,01;55,75;48,74;0,56
18,94;-1,94;-1,09;-3,01;55,75;48,74;0,56
18,96;-1,94;-1,09;-3,01;55,75;48,74;0,56
18,97;-1,94;-1,09;-3,01;55,75;48,74;0,56
18,99;-1,94;-1,09;-3,01;55,75;48,74;0,32
19,00;-1,29;0,08;-2,73;55,75;48,74;0,32
19,00;-1,29;0,08;-2,73;55,75;48,74;0,32
19,01;-1,29;0,08;-2,73;55,75;48,74;0,32
19,03;-1,29;0,08;-2,73;55,75;48,74;0,32
19,05;-1,29;0,08;-2,73;55,75;48,74;0,32
19,05;-1,29;0,08;-2,73;55,75;48,74;0,32
19,05;-0,51;1,06;-0,03;55,75;48,74;0,32
19,07;-0,51;1,06;-0,03;55,75;48,74;0,32
19,09;-0,51;1,06;-0,03;55,75;48,74;0,32
19,11;-0,51;1,06;-0,03;55,75;48,74;0,32
19,13;-0,51;1,06;-0,03;55,75;48,74;0,32
19,13;-0,51;1,06;-0,03;55,75;48,74;0,32
19,13;-0,08;2,35;1,61;55,75;48,74;0,32
19,15;-0,08;2,35;1,61;55,75;48,74;0,32
19,17;-0,08;2,35;1,61;55,75;48,74;0,32
19,19;-0,08;2,35;1,61;55,75;48,74;0,32
19,19;-0,08;2,35;1,61;55,75;48,74;0,32
19,19;0,20;2,73;2,98;55,75;48,74;0,32
19,21;0,20;2,73;2,98;55,75;48,74;0,32
19,23;0,20;2,73;2,98;55,75;48,74;0,32
19,25;0,20;2,73;2,98;55,75;48,74;0,32
19,27;0,20;2,73;2,98;55,75;48,74;0,32
19,27;0,20;2,73;2,98;55,75;48,74;0,32
19,27;-0,01;0,41;2,88;55,75;48,74;0,32
19,29;-0,01;0,41;2,88;55,75;48,74;0,32
19,31;-0,01;0,41;2,88;55,75;48,74;0,32
19,33;-0,01;0,41;2,88;55,75;48,74;0,32
19,33;-0,01;0,41;2,88;55,75;48,74;0,32
19,33;-1,94;-1,84;0,31;55,75;48,74;0,32
19,35;-1,94;-1,84;0,31;55,75;48,74;0,32
19,37;-1,94;-1,84;0,31;55,75;48,74;0,32
19,39;-1,94;-1,84;0,31;55,75;48,74;0,32
19,39;-0,03;-1,57;-0,47;55,75;48,74;0,32
19,39;-0,03;-1,57;-0,47;55,75;48,74;0,32
19,41;-0,03;-1,57;-0,47;55,75;48,74;0,32
19,43;-0,03;-1,57;-0,47;55,75;48,74;0,32
19,45;-0,03;-1,57;-0,47;55,75;48,74;0,32
19,47;-0,03;-1,57;-0,47;55,75;48,74;0,32
19,47;-0,04;-1,43;-1,59;55,75;48,74;0,32
19,47;-0,04;-1,43;-1,59;55,75;48,74;0,32
19,49;-0,04;-1,43;-1,59;55,75;48,74;0,32
19,50;-0,04;-1,43;-1,59;55,75;48,74;0,32
19,52;-0,04;-1,43;-1,59;55,75;48,74;0,32
19,53;-0,21;-0,50;-4,46;55,75;48,74;0,32
19,53;-0,21;-0,50;-4,46;55,75;48,74;0,32
19,54;-0,21;-0,50;-4,46;55,75;48,74;0,32
19,56;-0,21;-0,50;-4,46;55,75;48,74;0,32
19,58;-0,21;-0,50;-4,46;55,75;48,74;0,32
19,60;-0,21;-0,50;-4,46;55,75;48,74;0,32
19,60;-0,38;0,52;-2,00;55,75;48,74;0,32
19,61;-0,38;0,52;-2,00;55,75;48,74;0,32
19,62;-0,38;0,52;-2,00;55,75;48,74;0,32
19,64;-0,38;0,52;-2,00;55,75;48,74;0,32
19,66;-0,38;0,52;-2,00;55,75;48,74;0,32
19,66;0,65;1,55;2,22;55,75;48,74;0,32
19,67;0,65;1,55;2,22;55,75;48,74;0,32
19,68;0,65;1,55;2,22;55,75;48,74;0,32
19,70;0,65;1,55;2,22;55,75;48,74;0,32
19,72;0,65;1,55;2,22;55,75;48,74;0,32
19,72;0,65;1,55;2,22;55,75;48,74;0,32
19,72;0,58;2,03;3,59;55,75;48,74;0,32
19,74;0,58;2,03;3,59;55,75;48,74;0,32
19,76;0,58;2,03;3,59;55,75;48,74;0,32
19,78;0,58;2,03;3,59;55,75;48,74;0,32
19,80;0,58;2,03;3,59;55,75;48,74;0,32
19,80;0,58;2,03;3,59;55,75;48,74;0,32
19,80;1,41;1,66;2,15;55,75;48,74;0,32
19,82;1,41;1,66;2,15;55,75;48,74;0,32
19,84;1,41;1,66;2,15;55,75;48,74;0,32
19,86;1,41;1,66;2,15;55,75;48,74;0,32
19,86;1,07;-2,42;3,04;55,75;48,74;0,32
19,86;1,07;-2,42;3,04;55,75;48,74;0,32
19,88;1,07;-2,42;3,04;55,75;48,74;0,32
19,90;1,07;-2,42;3,04;55,75;48,74;0,32
19,92;1,07;-2,42;3,04;55,75;48,74;0,32
19,94;1,07;-2,42;3,04;55,75;48,74;0,32
19,94;2,36;-2,61;-0,95;55,75;48,74;0,32
19,94;2,36;-2,61;-0,95;55,75;48,74;0,32
19,96;2,36;-2,61;-0,95;55,75;48,74;0,32
19,98;2,36;-2,61;-0,95;55,75;48,74;0,32
20,00;2,36;-2,61;-0,95;55,75;48,74;0,78
20,00;2,36;-2,61;-0,95;55,75;48,74;0,78
20,00;0,06;-1,14;-2,64;55,75;48,74;0,78
20,02;0,06;-1,14;-2,64;55,75;48,74;0,78
20,04;0,06;-1,14;-2,64;55,75;48,74;0,78
20,06;0,06;-1,14;-2,64;55,75;48,74;0,78
20,06;0,06;-1,14;-2,64;55,75;48,74;0,78
20,06;-1,52;-1,24;-2,99;55,75;48,74;0,78
20,07;-1,52;-1,24;-2,99;55,75;48,74;0,78
20,09;-1,52;-1,24;-2,99;55,75;48,74;0,78
20,12;-1,52;-1,24;-2,99;55,75;48,74;0,78
20,13;-1,52;-1,24;-2,99;55,75;48,74;0,78
20,14;-1,52;-1,24;-2,99;55,75;48,74;0,78
20,14;-0,60;-0,66;-3,23;55,75;48,74;0,78
20,15;-0,60;-0,66;-3,23;55,75;48,74;0,78
20,17;-0,60;-0,66;-3,23;55,75;48,74;0,78
20,19;-0,60;-0,66;-3,23;55,75;48,74;0,78
20,20;-0,58;0,54;-1,08;55,75;48,74;0,78
20,20;-0,58;0,54;-1,08;55,75;48,74;0,78
20,21;-0,58;0,54;-1,08;55,75;48,74;0,78
20,23;-0,58;0,54;-1,08;55,75;48,74;0,78
20,25;-0,58;0,54;-1,08;55,75;48,74;0,78
20,25;-0,58;0,54;-1,08;55,75;48,74;0,78
20,25;0,14;2,43;0,70;55,75;48,74;0,78
20,27;0,14;2,43;0,70;55,75;48,74;0,78
20,29;0,14;2,43;0,70;55,75;48,74;0,78
20,31;0,14;2,43;0,70;55,75;48,74;0,78
20,33;0,14;2,43;0,70;55,75;48,74;0,78
20,33;0,14;2,43;0,70;55,75;48,74;0,78
20,33;-0,43;2,03;3,31;55,75;48,74;0,78
20,35;-0,43;2,03;3,31;55,75;48,74;0,78
20,37;-0,43;2,03;3,31;55,75;48,74;0,78
20,39;-0,43;2,03;3,31;55,75;48,74;0,78
20,39;-0,71;0,56;4,60;55,75;48,74;0,78
20,39;-0,71;0,56;4,60;55,75;48,74;0,78
20,41;-0,71;0,56;4,60;55,75;48,74;0,78
20,43;-0,71;0,56;4,60;55,75;48,74;0,78
20,45;-0,71;0,56;4,60;55,75;48,74;0,78
20,47;-0,71;0,56;4,60;55,75;48,74;0,78
20,47;-0,71;0,56;4,60;55,75;48,74;0,78
20,47;-2,01;-1,40;0,89;55,75;48,74;0,78
20,49;-2,01;-1,40;0,89;55,75;48,74;0,78
20,51;-2,01;-1,40;0,89;55,75;48,74;0,78
20,53;-2,01;-1,40;0,89;55,75;48,74;0,78
20,53;-2,01;-1,40;0,89;55,75;48,74;0,78
20,53;-0,40;-1,49;-0,55;55,75;48,74;0,78
20,55;-0,40;-1,49;-0,55;55,75;48,74;0,78
20,57;-0,40;-1,49;-0,55;55,75;48,74;0,78
20,59;-0,40;-1,49;-0,55;55,75;48,74;0,78
20,59;-0,40;-1,49;-0,55;55,75;48,74;0,78
20,59;-0,03;-1,68;-1,35;55,75;48,74;0,78
20,61;-0,03;-1,68;-1,35;55,75;48,74;0,78
20,63;-0,03;-1,68;-1,35;55,75;48,74;0,78
20,65;-0,03;-1,68;-1,35;55,75;48,74;0,78
20,67;-0,03;-1,68;-1,35;55,75;48,74;0,78
20,67;-0,03;-1,68;-1,35;55,75;48,74;0,78
20,67;0,36;-1,04;-4,07;55,75;48,74;0,78
20,69;0,36;-1,04;-4,07;55,75;48,74;0,78
20,70;0,36;-1,04;-4,07;55,75;48,74;0,78
20,72;0,36;-1,04;-4,07;55,75;48,74;0,78
20,72;0,11;-0,30;-2,80;55,75;48,74;0,78
20,73;0,11;-0,30;-2,80;55,75;48,74;0,78
20,74;0,11;-0,30;-2,80;55,75;48,74;0,78
20,76;0,11;-0,30;-2,80;55,75;48,74;0,78
20,78;0,11;-0,30;-2,80;55,75;48,74;0,78
20,80;0,11;-0,30;-2,80;55,75;48,74;0,78
20,80;0,11;-0,30;-2,80;55,75;48,74;0,78
20,81;0,66;0,70;0,54;55,75;48,74;0,78
20,82;0,66;0,70;0,54;55,75;48,74;0,78
20,84;0,66;0,70;0,54;55,75;48,74;0,78
20,86;0,66;0,70;0,54;55,75;48,74;0,78
20,86;0,66;0,70;0,54;55,75;48,74;0,78
20,87;1,11;1,96;2,31;55,75;48,74;0,78
20,88;1,11;1,96;2,31;55,75;48,74;0,78
20,90;1,11;1,96;2,31;55,75;48,74;0,78
20,92;1,11;1,96;2,31;55,75;48,74;0,78
20,92;1,11;1,96;2,31;55,75;48,74;0,78
20,92;2,05;1,72;3,47;55,75;48,74;0,78
20,95;2,05;1,72;3,47;55,75;48,74;0,78
20,96;2,05;1,72;3,47;55,75;48,74;0,78
20,98;2,05;1,72;3,47;55,75;48,74;0,78
21,00;2,05;1,72;3,47;55,75;48,74;0,85
21,00;2,05;1,72;3,47;55,75;48,74;0,85
21,00;0,95;-1,55;2,42;55,75;48,74;0,85
21,02;0,95;-1,55;2,42;55,75;48,74;0,85
21,04;0,95;-1,55;2,42;55,75;48,74;0,85
21,06;0,95;-1,55;2,42;55,75;48,74;0,85
21,06;0,94;-2,16;-0,40;55,75;48,74;0,85
21,06;0,94;-2,16;-0,40;55,75;48,74;0,85
21,08;0,94;-2,16;-0,40;55,75;48,74;0,85
21,10;0,94;-2,16;-0,40;55,75;48,74;0,85
21,12;0,94;-2,16;-0,40;55,75;48,74;0,85
21,14;0,94;-2,16;-0,40;55,75;48,74;0,85
21,14;0,94;-2,16;-0,40;55,75;48,74;0,85
21,14;0,53;-0,89;-1,40;55,75;48,74;0,85
21,16;0,53;-0,89;-1,40;55,75;48,74;0,85
21,18;0,53;-0,89;-1,40;55,75;48,74;0,85
21,20;0,53;-0,89;-1,40;55,75;48,74;0,85
21,20;0,53;-0,89;-1,40;55,75;48,74;0,85
21,20;-1,48;-0,93;-3,22;55,75;48,74;0,85
21,22;-1,48;-0,93;-3,22;55,75;48,74;0,85
21,24;-1,48;-0,93;-3,22;55,75;48,74;0,85
21,26;-1,48;-0,93;-3,22;55,75;48,74;0,85
21,26;-0,41;-0,18;-3,57;55,75;48,74;0,85
21,26;-0,41;-0,18;-3,57;55,75;48,74;0,85
21,27;-0,41;-0,18;-3,57;55,75;48,74;0,85
21,29;-0,41;-0,18;-3,57;55,75;48,74;0,85
21,31;-0,41;-0,18;-3,57;55,75;48,74;0,85
21,33;-0,41;-0,18;-3,57;55,75;48,74;0,85
21,34;-0,28;0,45;-1,79;55,75;48,74;0,85
21,34;-0,28;0,45;-1,79;55,75;48,74;0,85
21,35;-0,28;0,45;-1,79;55,75;48,74;0,85
21,37;-0,28;0,45;-1,79;55,75;48,74;0,85
21,39;-0,28;0,45;-1,79;55,75;48,74;0,85
21,39;0,04;2,13;1,10;55,75;48,74;0,85
21,40;0,04;2,13;1,10;55,75;48,74;0,85
21,41;0,04;2,13;1,10;55,75;48,74;0,85
21,43;0,04;2,13;1,10;55,75;48,74;0,85
21,45;0,04;2,13;1,10;55,75;48,74;0,85
21,45;-0,79;2,15;4,48;55,75;48,74;0,85
21,46;-0,79;2,15;4,48;55,75;48,74;0,85
21,47;-0,79;2,15;4,48;55,75;48,74;0,85
21,49;-0,79;2,15;4,48;55,75;48,74;0,85
21,51;-0,79;2,15;4,48;55,75;48,74;0,85
21,53;-0,79;2,15;4,48;55,75;48,74;0,85
21,53;-0,79;2,15;4,48;55,75;48,74;0,85
21,53;-1,04;0,10;4,37;55,75;48,74;0,85
21,55;-1,04;0,10;4,37;55,75;48,74;0,85
21,57;-1,04;0,10;4,37;55,75;48,74;0,85
21,59;-1,04;0,10;4,37;55,75;48,74;0,85
21,59;-1,04;0,10;4,37;55,75;48,74;0,85
21,59;-1,52;-1,09;0,81;55,75;48,74;0,85
21,61;-1,52;-1,09;0,81;55,75;48,74;0,85
21,63;-1,52;-1,09;0,81;55,75;48,74;0,85
21,65;-1,52;-1,09;0,81;55,75;48,74;0,85
21,67;-1,52;-1,09;0,81;55,75;48,74;0,85
21,67;-1,52;-1,09;0,81;55,75;48,74;0,85
21,67;0,07;-1,19;0,46;55,75;48,74;0,85
21,69;0,07;-1,19;0,46;55,75;48,74;0,85
21,71;0,07;-1,19;0,46;55,75;48,74;0,85
21,73;0,07;-1,19;0,46;55,75;48,74;0,85
21,73;0,07;-1,19;0,46;55,75;48,74;0,85
21,73;-0,40;-1,38;-2,70;55,75;48,74;0,85
21,75;-0,40;-1,38;-2,70;55,75;48,74;0,85
21,77;-0,40;-1,38;-2,70;55,75;48,74;0,85
21,79;-0,40;-1,38;-2,70;55,75;48,74;0,85
21,79;-0,36;-1,32;-4,25;55,75;48,74;0,85
21,79;-0,36;-1,32;-4,25;55,75;48,74;0,85
21,81;-0,36;-1,32;-4,25;55,75;48,74;0,85
21,83;-0,36;-1,32;-4,25;55,75;48,74;0,85
21,85;-0,36;-1,32;-4,25;55,75;48,74;0,85
21,87;-0,36;-1,32;-4,25;55,75;48,74;0,85
21,87;-0,36;-1,32;-4,25;55,75;48,74;0,85
21,87;0,09;-0,53;-2,65;55,75;48,74;0,85
21,88;0,09;-0,53;-2,65;55,75;48,74;0,85
21,90;0,09;-0,53;-2,65;55,75;48,74;0,85
21,92;0,09;-0,53;-2,65;55,75;48,74;0,85
21,93;0,70;0,63;0,97;55,75;48,74;0,85
21,93;0,70;0,63;0,97;55,75;48,74;0,85
21,95;0,70;0,63;0,97;55,75;48,74;0,85
21,96;0,70;0,63;0,97;55,75;48,74;0,85
21,98;0,70;0,63;0,97;55,75;48,74;1,20
22,00;0,70;0,63;0,97;55,75;48,74;1,20
22,00;0,70;0,63;0,97;55,75;48,74;1,20
22,00;0,80;1,50;2,78;55,75;48,74;1,20
22,02;0,80;1,50;2,78;55,75;48,74;1,20
22,04;0,80;1,50;2,78;55,75;48,74;1,20
22,06;0,80;1,50;2,78;55,75;48,74;1,20
22,06;1,07;1,67;2,05;55,75;48,74;1,20
22,06;1,07;1,67;2,05;55,75;48,74;1,20
22,08;1,07;1,67;2,05;55,75;48,74;1,20
22,10;1,07;1,67;2,05;55,75;48,74;1,20
22,12;0,93;-1,04;3,11;55,75;48,74;1,20
22,12;0,93;-1,04;3,11;55,75;48,74;1,20
22,12;0,93;-1,04;3,11;55,75;48,74;1,20
22,14;0,93;-1,04;3,11;55,75;48,74;1,20
22,16;0,93;-1,04;3,11;55,75;48,74;1,20
22,18;0,93;-1,04;3,11;55,75;48,74;1,20
22,20;0,93;-1,04;3,11;55,75;48,74;1,20
22,20;1,80;-1,22;0,24;55,75;48,74;1,20
22,20;1,80;-1,22;0,24;55,75;48,74;1,20
22,22;1,80;-1,22;0,24;55,75;48,74;1,20
22,24;1,80;-1,22;0,24;55,75;48,74;1,20
22,26;1,80;-1,22;0,24;55,75;48,74;1,20
22,26;1,80;-1,22;0,24;55,75;48,74;1,20
22,26;-0,34;-1,58;-1,43;55,75;48,74;1,20
22,28;-0,34;-1,58;-1,43;55,75;48,74;1,20
22,30;-0,34;-1,58;-1,43;55,75;48,74;1,20
22,32;-0,34;-1,58;-1,43;55,75;48,74;1,20
22,34;-0,34;-1,58;-1,43;55,75;48,74;1,20
22,34;-2,05;-1,18;-4,68;55,75;48,74;1,20
22,34;-2,05;-1,18;-4,68;55,75;48,74;1,20
22,36;-2,05;-1,18;-4,68;55,75;48,74;1,20
22,38;-2,05;-1,18;-4,68;55,75;48,74;1,20
22,40;-2,05;-1,18;-4,68;55,75;48,74;1,20
22,40;-1,57;-0,32;-3,36;55,75;48,74;1,20
22,40;-1,57;-0,32;-3,36;55,75;48,74;1,20
22,42;-1,57;-0,32;-3,36;55,75;48,74;1,20
22,44;-1,57;-0,32;-3,36;55,75;48,74;1,20
22,46;-1,57;-0,32;-3,36;55,75;48,74;1,20
22,46;-1,57;-0,32;-3,36;55,75;48,74;1,20
22,46;-1,20;0,71;0,09;55,75;48,74;1,20
22,48;-1,20;0,71;0,09;55,75;48,74;1,20
22,49;-1,20;0,71;0,09;55,75;48,74;1,20
22,51;-1,20;0,71;0,09;55,75;48,74;1,20
22,53;-1,20;0,71;0,09;55,75;48,74;1,20
22,54;-1,20;0,71;0,09;55,75;48,74;1,20
22,54;0,07;2,80;1,67;55,75;48,74;1,20
22,55;0,07;2,80;1,67;55,75;48,74;1,20
22,57;0,07;2,80;1,67;55,75;48,74;1,20
22,59;0,07;2,80;1,67;55,75;48,74;1,20
22,59;0,07;2,80;1,67;55,75;48,74;1,20
22,60;-0,15;2,60;4,52;55,75;48,74;1,20
22,61;-0,15;2,60;4,52;55,75;48,74;1,20
22,63;-0,15;2,60;4,52;55,75;48,74;1,20
22,65;-0,15;2,60;4,52;55,75;48,74;1,20
22,65;-0,15;2,60;4,52;55,75;48,74;1,20
22,65;-0,94;-0,07;5,65;55,75;48,74;1,20
22,67;-0,94;-0,07;5,65;55,75;48,74;1,20
22,69;-0,94;-0,07;5,65;55,75;48,74;1,20
22,71;-0,94;-0,07;5,65;55,75;48,74;1,20
22,73;-0,94;-0,07;5,65;55,75;48,74;1,20
22,73;-1,44;-1,79;-0,60;55,75;48,74;1,20
22,73;-1,44;-1,79;-0,60;55,75;48,74;1,20
22,75;-1,44;-1,79;-0,60;55,75;48,74;1,20
22,77;-1,44;-1,79;-0,60;55,75;48,74;1,20
22,79;-1,44;-1,79;-0,60;55,75;48,74;1,20
22,79;0,00;-1,94;-2,13;55,75;48,74;1,20
22,79;0,00;-1,94;-2,13;55,75;48,74;1,20
22,81;0,00;-1,94;-2,13;55,75;48,74;1,20
22,83;0,00;-1,94;-2,13;55,75;48,74;1,20
22,85;0,00;-1,94;-2,13;55,75;48,74;1,20
22,87;0,00;-1,94;-2,13;55,75;48,74;1,20
22,87;0,00;-1,94;-2,13;55,75;48,74;1,20
22,87;-0,64;-2,23;-2,85;55,75;48,74;1,20
22,89;-0,64;-2,23;-2,85;55,75;48,74;1,20
22,91;-0,64;-2,23;-2,85;55,75;48,74;1,20
22,93;-0,64;-2,23;-2,85;55,75;48,74;1,20
22,93;-0,64;-2,23;-2,85;55,75;48,74;1,20
22,93;0,02;-1,29;-3,18;55,75;48,74;1,20
22,95;0,02;-1,29;-3,18;55,75;48,74;1,20
22,97;0,02;-1,29;-3,18;55,75;48,74;1,20
22,99;0,02;-1,29;-3,18;55,75;48,74;1,20
22,99;0,32;0,44;-1,64;55,75;48,74;1,20
22,99;0,32;0,44;-1,64;55,75;48,74;1,20
23,01;0,32;0,44;-1,64;55,75;48,74;1,20
23,03;0,32;0,44;-1,64;55,75;48,74;1,20
23,05;0,32;0,44;-1,64;55,75;48,74;1,20
23,07;0,75;1,36;1,56;55,75;48,74;1,20
23,07;0,75;1,36;1,56;55,75;48,74;1,20
23,07;0,75;1,36;1,56;55,75;48,74;1,20
23,08;0,75;1,36;1,56;55,75;48,74;1,20
23,10;0,75;1,36;1,56;55,75;48,74;1,20
23,12;0,75;1,36;1,56;55,75;48,74;1,20
23,13;0,75;1,36;1,56;55,75;48,74;1,20
23,13;1,62;1,51;3,05;55,75;48,74;1,20
23,14;1,62;1,51;3,05;55,75;48,74;1,20
23,16;1,62;1,51;3,05;55,75;48,74;1,20
23,18;1,62;1,51;3,05;55,75;48,74;1,20
23,20;1,62;1,51;3,05;55,75;48,74;1,20
23,20;1,62;1,51;3,05;55,75;48,74;1,20
23,20;2,33;0,59;1,87;55,75;48,74;1,20
23,22;2,33;0,59;1,87;55,75;48,74;1,20
23,24;2,33;0,59;1,87;55,75;48,74;1,20
23,26;2,33;0,59;1,87;55,75;48,74;1,20
23,26;1,72;-1,95;1,33;55,75;48,74;1,20
23,26;1,72;-1,95;1,33;55,75;48,74;1,20
23,28;1,72;-1,95;1,33;55,75;48,74;1,20
23,30;1,72;-1,95;1,33;55,75;48,74;1,20
23,32;1,72;-1,95;1,33;55,75;48,74;1,20
23,32;1,72;-1,95;1,33;55,75;48,74;1,20
23,32;1,46;-1,70;1,52;55,75;48,74;1,20
23,34;1,46;-1,70;1,52;55,75;48,74;1,20
23,36;1,46;-1,70;1,52;55,75;48,74;1,20
23,38;1,46;-1,70;1,52;55,75;48,74;1,20
23,40;1,46;-1,70;1,52;55,75;48,74;1,20
23,40;1,46;-1,70;1,52;55,75;48,74;1,20
23,40;-0,95;-1,26;-2,50;55,75;48,74;1,20
23,42;-0,95;-1,26;-2,50;55,75;48,74;1,20
23,44;-0,95;-1,26;-2,50;55,75;48,74;1,20
23,46;-0,95;-1,26;-2,50;55,75;48,74;1,20
23,46;-1,47;-1,12;-4,32;55,75;48,74;1,20
23,46;-1,47;-1,12;-4,32;55,75;48,74;1,20
23,48;-1,47;-1,12;-4,32;55,75;48,74;1,20
23,50;-1,47;-1,12;-4,32;55,75;48,74;1,20
23,52;-1,47;-1,12;-4,32;55,75;48,74;1,20
23,54;-1,47;-1,12;-4,32;55,75;48,74;1,20
23,54;-1,47;-1,12;-4,32;55,75;48,74;1,20
23,54;-0,96;-0,32;-2,78;55,75;48,74;1,20
23,56;-0,96;-0,32;-2,78;55,75;48,74;1,20
23,58;-0,96;-0,32;-2,78;55,75;48,74;1,20
23,60;-0,96;-0,32;-2,78;55,75;48,74;1,20
23,60;-0,96;-0,32;-2,78;55,75;48,74;1,20
23,60;-0,97;1,07;-0,49;55,75;48,74;1,20
23,62;-0,97;1,07;-0,49;55,75;48,74;1,20
23,64;-0,97;1,07;-0,49;55,75;48,74;1,20
23,66;-0,97;1,07;-0,49;55,75;48,74;1,20
23,66;-0,43;2,39;1,97;55,75;48,74;1,20
23,66;-0,43;2,39;1,97;55,75;48,74;1,20
23,67;-0,43;2,39;1,97;55,75;48,74;1,20
23,69;-0,43;2,39;1,97;55,75;48,74;1,20
23,71;-0,43;2,39;1,97;55,75;48,74;1,20
23,73;-0,43;2,39;1,97;55,75;48,74;1,20
23,73;-0,43;2,39;1,97;55,75;48,74;1,20
23,73;-0,50;2,39;5,19;55,75;48,74;1,20
23,75;-0,50;2,39;5,19;55,75;48,74;1,20
23,77;-0,50;2,39;5,19;55,75;48,74;1,20
23,79;-0,50;2,39;5,19;55,75;48,74;1,20
23,79;-0,50;2,39;5,19;55,75;48,74;1,20
23,79;-0,77;-0,13;4,17;55,75;48,74;1,20
23,81;-0,77;-0,13;4,17;55,75;48,74;1,20
23,83;-0,77;-0,13;4,17;55,75;48,74;1,20
23,85;-0,77;-0,13;4,17;55,75;48,74;1,20
23,85;-0,77;-1,27;-0,32;55,75;48,74;1,20
23,85;-0,77;-1,27;-0,32;55,75;48,74;1,20
23,87;-0,77;-1,27;-0,32;55,75;48,74;1,20
23,89;-0,77;-1,27;-0,32;55,75;48,74;1,20
23,91;-0,77;-1,27;-0,32;55,75;48,74;1,20
23,93;-0,77;-1,27;-0,32;55,75;48,74;1,20
23,93;-0,31;-1,59;-2,04;55,75;48,74;1,20
23,93;-0,31;-1,59;-2,04;55,75;48,74;1,20
23,95;-0,31;-1,59;-2,04;55,75;48,74;1,20
23,97;-0,31;-1,59;-2,04;55,75;48,74;1,20
23,99;-0,31;-1,59;-2,04;55,75;48,74;1,03
23,99;-0,59;-1,81;-2,91;55,75;48,74;1,03
23,99;-0,59;-1,81;-2,91;55,75;48,74;1,03
24,01;-0,59;-1,81;-2,91;55,75;48,74;1,03
24,03;-0,59;-1,81;-2,91;55,75;48,74;1,03
24,05;-0,59;-1,81;-2,91;55,75;48,74;1,03
24,07;-0,59;-1,81;-2,91;55,75;48,74;1,03
24,07;-0,30;-0,85;-4,17;55,75;48,74;1,03
24,07;-0,30;-0,85;-4,17;55,75;48,74;1,03
24,09;-0,30;-0,85;-4,17;55,75;48,74;1,03
24,11;-0,30;-0,85;-4,17;55,75;48,74;1,03
24,13;-0,30;-0,85;-4,17;55,75;48,74;1,03
24,13;-0,30;-0,85;-4,17;55,75;48,74;1,03
24,13;-0,81;0,20;-1,84;55,75;48,74;1,03
24,15;-0,81;0,20;-1,84;55,75;48,74;1,03
24,17;-0,81;0,20;-1,84;55,75;48,74;1,03
24,19;-0,81;0,20;-1,84;55,75;48,74;1,03
24,19;0,67;1,00;3,01;55,75;48,74;1,03
24,19;0,67;1,00;3,01;55,75;48,74;1,03
24,21;0,67;1,00;3,01;55,75;48,74;1,03
24,23;0,67;1,00;3,01;55,75;48,74;1,03
24,24;0,67;1,00;3,01;55,75;48,74;1,03
24,26;0,67;1,00;3,01;55,75;48,74;1,03
24,26;1,94;1,85;3,43;55,75;48,74;1,03
24,27;1,94;1,85;3,43;55,75;48,74;1,03
24,28;1,94;1,85;3,43;55,75;48,74;1,03
24,30;1,94;1,85;3,43;55,75;48,74;1,03
24,32;1,94;1,85;3,43;55,75;48,74;1,03
24,32;1,94;1,85;3,43;55,75;48,74;1,03
24,33;2,63;0,58;3,57;55,75;48,74;1,03
24,34;2,63;0,58;3,57;55,75;48,74;1,03
24,36;2,63;0,58;3,57;55,75;48,74;1,03
24,38;2,63;0,58;3,57;55,75;48,74;1,03
24,40;2,63;0,58;3,57;55,75;48,74;1,03
24,40;1,31;-2,38;1,97;55,75;48,74;1,03
24,41;1,31;-2,38;1,97;55,75;48,74;1,03
24,42;1,31;-2,38;1,97;55,75;48,74;1,03
24,44;1,31;-2,38;1,97;55,75;48,74;1,03
24,46;1,31;-2,38;1,97;55,75;48,74;1,03
24,46;2,27;-1,90;-1,76;55,75;48,74;1,03
24,46;2,27;-1,90;-1,76;55,75;48,74;1,03
24,48;2,27;-1,90;-1,76;55,75;48,74;1,03
24,50;2,27;-1,90;-1,76;55,75;48,74;1,03
24,52;2,27;-1,90;-1,76;55,75;48,74;1,03
24,52;-1,00;-1,70;-3,11;55,75;48,74;1,03
24,53;-1,00;-1,70;-3,11;55,75;48,74;1,03
24,54;-1,00;-1,70;-3,11;55,75;48,74;1,03
24,56;-1,00;-1,70;-3,11;55,75;48,74;1,03
24,58;-1,00;-1,70;-3,11;55,75;48,74;1,03
24,60;-1,00;-1,70;-3,11;55,75;48,74;1,03
24,60;-1,57;-1,18;-4,64;55,75;48,74;1,03
24,60;-1,57;-1,18;-4,64;55,75;48,74;1,03
24,62;-1,57;-1,18;-4,64;55,75;48,74;1,03
24,64;-1,57;-1,18;-4,64;55,75;48,74;1,03
24,66;-1,57;-1,18;-4,64;55,75;48,74;1,03
24,66;-1,57;-1,18;-4,64;55,75;48,74;1,03
24,66;-0,90;-0,07;-2,38;55,75;48,74;1,03
24,68;-0,90;-0,07;-2,38;55,75;48,74;1,03
24,70;-0,90;-0,07;-2,38;55,75;48,74;1,03
24,72;-0,90;-0,07;-2,38;55,75;48,74;1,03
24,74;-0,90;-0,07;-2,38;55,75;48,74;1,03
24,74;-0,62;1,65;0,03;55,75;48,74;1,03
24,74;-0,62;1,65;0,03;55,75;48,74;1,03
24,76;-0,62;1,65;0,03;55,75;48,74;1,03
24,78;-0,62;1,65;0,03;55,75;48,74;1,03
24,80;-0,62;1,65;0,03;55,75;48,74;1,03
24,80;-0,10;2,80;3,17;55,75;48,74;1,03
24,80;-0,10;2,80;3,17;55,75;48,74;1,03
24,82;-0,10;2,80;3,17;55,75;48,74;1,03
24,84;-0,10;2,80;3,17;55,75;48,74;1,03
24,85;-0,10;2,80;3,17;55,75;48,74;1,03
24,86;-0,46;2,31;5,16;55,75;48,74;1,03
24,86;-0,46;2,31;5,16;55,75;48,74;1,03
24,87;-0,46;2,31;5,16;55,75;48,74;1,03
24,89;-0,46;2,31;5,16;55,75;48,74;1,03
24,91;-0,46;2,31;5,16;55,75;48,74;1,03
24,93;-0,46;2,31;5,16;55,75;48,74;1,03
24,93;-0,46;2,31;5,16;55,75;48,74;1,03
24,94;-2,18;-0,75;2,38;55,75;48,74;1,03
24,96;-2,18;-0,75;2,38;55,75;48,74;1,03
24,97;-2,18;-0,75;2,38;55,75;48,74;1,03
24,99;-2,18;-0,75;2,38;55,75;48,74;0,43
24,99;-2,18;-0,75;2,38;55,75;48,74;0,43
24,99;-0,90;-1,46;0,12;55,75;48,74;0,43
25,01;-0,90;-1,46;0,12;55,75;48,74;0,43
25,03;-0,90;-1,46;0,12;55,75;48,74;0,43
25,05;-0,90;-1,46;0,12;55,75;48,74;0,43
25,07;-0,90;-1,46;0,12;55,75;48,74;0,43
25,07;0,15;-2,24;-0,70;55,75;48,74;0,43
25,08;0,15;-2,24;-0,70;55,75;48,74;0,43
25,09;0,15;-2,24;-0,70;55,75;48,74;0,43
25,11;0,15;-2,24;-0,70;55,75;48,74;0,43
25,13;0,15;-2,24;-0,70;55,75;48,74;0,43
25,13;0,15;-2,24;-0,70;55,75;48,74;0,43
25,13;0,07;-1,68;-4,38;55,75;48,74;0,43
25,15;0,07;-1,68;-4,38;55,75;48,74;0,43
25,17;0,07;-1,68;-4,38;55,75;48,74;0,43
25,19;0,07;-1,68;-4,38;55,75;48,74;0,43
25,19;0,15;-0,87;-2,86;55,75;48,74;0,43
25,19;0,15;-0,87;-2,86;55,75;48,74;0,43
25,21;0,15;-0,87;-2,86;55,75;48,74;0,43
25,23;0,15;-0,87;-2,86;55,75;48,74;0,43
25,25;0,15;-0,87;-2,86;55,75;48,74;0,43
25,27;0,15;-0,87;-2,86;55,75;48,74;0,43
25,27;0,18;0,78;-2,10;55,75;48,74;0,43
25,27;0,18;0,78;-2,10;55,75;48,74;0,43
25,29;0,18;0,78;-2,10;55,75;48,74;0,43
25,31;0,18;0,78;-2,10;55,75;48,74;0,43
25,33;0,18;0,78;-2,10;55,75;48,74;0,43
25,33;1,37;1,45;3,25;55,75;48,74;0,43
25,33;1,37;1,45;3,25;55,75;48,74;0,43
25,35;1,37;1,45;3,25;55,75;48,74;0,43
25,37;1,37;1,45;3,25;55,75;48,74;0,43
25,39;1,37;1,45;3,25;55,75;48,74;0,43
25,39;1,37;1,45;3,25;55,75;48,74;0,43
25,39;1,95;2,01;3,42;55,75;48,74;0,43
25,41;1,95;2,01;3,42;55,75;48,74;0,43
25,42;1,95;2,01;3,42;55,75;48,74;0,43
25,44;1,95;2,01;3,42;55,75;48,74;0,43
25,46;1,95;2,01;3,42;55,75;48,74;0,43
25,47;1,64;-0,96;3,73;55,75;48,74;0,43
25,47;1,64;-0,96;3,73;55,75;48,74;0,43
25,48;1,64;-0,96;3,73;55,75;48,74;0,43
25,50;1,64;-0,96;3,73;55,75;48,74;0,43
25,52;1,64;-0,96;3,73;55,75;48,74;0,43
25,53;1,38;-2,56;0,72;55,75;48,74;0,43
25,53;1,38;-2,56;0,72;55,75;48,74;0,43
25,54;1,38;-2,56;0,72;55,75;48,74;0,43
25,56;1,38;-2,56;0,72;55,75;48,74;0,43
25,58;1,38;-2,56;0,72;55,75;48,74;0,43
25,60;1,38;-2,56;0,72;55,75;48,74;0,43
25,60;1,52;-1,40;-1,99;55,75;48,74;0,43
25,60;1,52;-1,40;-1,99;55,75;48,74;0,43
25,62;1,52;-1,40;-1,99;55,75;48,74;0,43
25,64;1,52;-1,40;-1,99;55,75;48,74;0,43
25,66;1,52;-1,40;-1,99;55,75;48,74;0,43
25,66;1,52;-1,40;-1,99;55,75;48,74;0,43
25,66;-1,26;-1,37;-3,95;55,75;48,74;0,43
25,68;-1,26;-1,37;-3,95;55,75;48,74;0,43
25,70;-1,26;-1,37;-3,95;55,75;48,74;0,43
25,72;-1,26;-1,37;-3,95;55,75;48,74;0,43
25,72;-1,41;-1,27;-4,04;55,75;48,74;0,43
25,72;-1,41;-1,27;-4,04;55,75;48,74;0,43
25,74;-1,41;-1,27;-4,04;55,75;48,74;0,43
25,76;-1,41;-1,27;-4,04;55,75;48,74;0,43
25,78;-1,41;-1,27;-4,04;55,75;48,74;0,43
25,80;-1,41;-1,27;-4,04;55,75;48,74;0,43
25,80;-1,67;-0,29;-1,42;55,75;48,74;0,43
25,80;-1,67;-0,29;-1,42;55,75;48,74;0,43
25,82;-1,67;-0,29;-1,42;55,75;48,74;0,43
25,84;-1,67;-0,29;-1,42;55,75;48,74;0,43
25,86;-1,67;-0,29;-1,42;55,75;48,74;0,43
25,86;-0,09;2,62;1,69;55,75;48,74;0,43
25,86;-0,09;2,62;1,69;55,75;48,74;0,43
25,88;-0,09;2,62;1,69;55,75;48,74;0,43
25,90;-0,09;2,62;1,69;55,75;48,74;0,43
25,92;-0,09;2,62;1,69;55,75;48,74;0,43
25,94;-0,09;2,62;1,69;55,75;48,74;0,43
25,94;0,12;3,83;3,57;55,75;48,74;0,43
25,94;0,12;3,83;3,57;55,75;48,74;0,43
25,96;0,12;3,83;3,57;55,75;48,74;0,43
25,98;0,12;3,83;3,57;55,75;48,74;0,43
26,00;0,12;3,83;3,57;55,75;48,74;0,73
26,00;0,12;3,83;3,57;55,75;48,74;0,73
26,00;-0,60;1,60;5,13;55,75;48,74;0,73
26,01;-0,60;1,60;5,13;55,75;48,74;0,73
26,03;-0,60;1,60;5,13;55,75;48,74;0,73
26,05;-0,60;1,60;5,13;55,75;48,74;0,73
26,06;-2,21;-1,48;1,00;55,75;48,74;0,73
26,06;-2,21;-1,48;1,00;55,75;48,74;0,73
26,07;-2,21;-1,48;1,00;55,75;48,74;0,73
26,09;-2,21;-1,48;1,00;55,75;48,74;0,73
26,11;-2,21;-1,48;1,00;55,75;48,74;0,73
26,13;-2,21;-1,48;1,00;55,75;48,74;0,73
26,14;-1,15;-2,11;-0,40;55,75;48,74;0,73
26,14;-1,15;-2,11;-0,40;55,75;48,74;0,73
26,15;-1,15;-2,11;-0,40;55,75;48,74;0,73
26,17;-1,15;-2,11;-0,40;55,75;48,74;0,73
26,19;-1,15;-2,11;-0,40;55,75;48,74;0,73
26,19;-1,15;-2,11;-0,40;55,75;48,74;0,73
26,19;-0,36;-1,89;-1,23;55,75;48,74;0,73
26,21;-0,36;-1,89;-1,23;55,75;48,74;0,73
26,23;-0,36;-1,89;-1,23;55,75;48,74;0,73
26,25;-0,36;-1,89;-1,23;55,75;48,74;0,73
26,27;-0,36;-1,89;-1,23;55,75;48,74;0,73
26,27;-0,32;-1,41;-2,97;55,75;48,74;0,73
26,27;-0,32;-1,41;-2,97;55,75;48,74;0,73
26,29;-0,32;-1,41;-2,97;55,75;48,74;0,73
26,31;-0,32;-1,41;-2,97;55,75;48,74;0,73
26,33;-0,32;-1,41;-2,97;55,75;48,74;0,73
26,33;-0,19;-0,49;-2,76;55,75;48,74;0,73
26,33;-0,19;-0,49;-2,76;55,75;48,74;0,73
26,35;-0,19;-0,49;-2,76;55,75;48,74;0,73
26,37;-0,19;-0,49;-2,76;55,75;48,74;0,73
26,39;-0,19;-0,49;-2,76;55,75;48,74;0,73
26,39;-0,21;0,47;-1,02;55,75;48,74;0,73
26,39;-0,21;0,47;-1,02;55,75;48,74;0,73
26,41;-0,21;0,47;-1,02;55,75;48,74;0,73
26,43;-0,21;0,47;-1,02;55,75;48,74;0,73
26,45;-0,21;0,47;-1,02;55,75;48,74;0,73
26,47;-0,21;0,47;-1,02;55,75;48,74;0,73
26,47;0,70;1,65;2,34;55,75;48,74;0,73
26,47;0,70;1,65;2,34;55,75;48,74;0,73
26,49;0,70;1,65;2,34;55,75;48,74;0,73
26,51;0,70;1,65;2,34;55,75;48,74;0,73
26,53;0,70;1,65;2,34;55,75;48,74;0,73
26,53;2,26;2,71;4,20;55,75;48,74;0,73
26,53;2,26;2,71;4,20;55,75;48,74;0,73
26,55;2,26;2,71;4,20;55,75;48,74;0,73
26,57;2,26;2,71;4,20;55,75;48,74;0,73
26,59;2,26;2,71;4,20;55,75;48,74;0,73
26,59;2,26;2,71;4,20;55,75;48,74;0,73
26,59;1,90;-0,43;2,46;55,75;48,74;0,73
26,60;1,90;-0,43;2,46;55,75;48,74;0,73
26,62;1,90;-0,43;2,46;55,75;48,74;0,73
26,64;1,90;-0,43;2,46;55,75;48,74;0,73
26,66;1,90;-0,43;2,46;55,75;48,74;0,73
26,67;1,90;-0,43;2,46;55,75;48,74;0,73
26,67;-0,14;-2,78;-1,12;55,75;48,74;0,73
26,68;-0,14;-2,78;-1,12;55,75;48,74;0,73
26,70;-0,14;-2,78;-1,12;55,75;48,74;0,73
26,72;-0,14;-2,78;-1,12;55,75;48,74;0,73
26,72;0,88;-1,95;-1,96;55,75;48,74;0,73
26,73;0,88;-1,95;-1,96;55,75;48,74;0,73
26,74;0,88;-1,95;-1,96;55,75;48,74;0,73
26,76;0,88;-1,95;-1,96;55,75;48,74;0,73
26,78;0,88;-1,95;-1,96;55,75;48,74;0,73
26,80;0,88;-1,95;-1,96;55,75;48,74;0,73
26,80;0,88;-1,95;-1,96;55,75;48,74;0,73
26,80;-1,73;-1,34;-2,55;55,75;48,74;0,73
26,82;-1,73;-1,34;-2,55;55,75;48,74;0,73
26,84;-1,73;-1,34;-2,55;55,75;48,74;0,73
26,86;-1,73;-1,34;-2,55;55,75;48,74;0,73
26,86;-1,73;-1,34;-2,55;55,75;48,74;0,73
26,86;-1,21;-0,44;-3,56;55,75;48,74;0,73
26,88;-1,21;-0,44;-3,56;55,75;48,74;0,73
26,90;-1,21;-0,44;-3,56;55,75;48,74;0,73
26,92;-1,21;-0,44;-3,56;55,75;48,74;0,73
26,92;-1,11;0,66;-1,27;55,75;48,74;0,73
26,92;-1,11;0,66;-1,27;55,75;48,74;0,73
26,94;-1,11;0,66;-1,27;55,75;48,74;0,73
26,96;-1,11;0,66;-1,27;55,75;48,74;0,73
26,98;-1,11;0,66;-1,27;55,75;48,74;0,25
27,00;-1,11;0,66;-1,27;55,75;48,74;0,25
27,00;-1,11;0,66;-1,27;55,75;48,74;0,25
27,00;-0,29;2,00;1,36;55,75;48,74;0,25
27,02;-0,29;2,00;1,36;55,75;48,74;0,25
27,04;-0,29;2,00;1,36;55,75;48,74;0,25
27,06;-0,29;2,00;1,36;55,75;48,74;0,25
27,06;-0,29;2,00;1,36;55,75;48,74;0,25
27,06;-0,25;2,77;3,33;55,75;48,74;0,25
27,08;-0,25;2,77;3,33;55,75;48,74;0,25
27,10;-0,25;2,77;3,33;55,75;48,74;0,25
27,12;-0,25;2,77;3,33;55,75;48,74;0,25
27,14;-0,25;2,77;3,33;55,75;48,74;0,25
27,14;-0,25;2,77;3,33;55,75;48,74;0,25
27,14;-0,25;1,91;4,38;55,75;48,74;0,25
27,16;-0,25;1,91;4,38;55,75;48,74;0,25
27,18;-0,25;1,91;4,38;55,75;48,74;0,25
27,20;-1,85;-1,19;2,90;55,75;48,74;0,25
27,20;-1,85;-1,19;2,90;55,75;48,74;0,25
27,20;-1,85;-1,19;2,90;55,75;48,74;0,25
27,22;-1,85;-1,19;2,90;55,75;48,74;0,25
27,23;-1,85;-1,19;2,90;55,75;48,74;0,25
27,25;-1,85;-1,19;2,90;55,75;48,74;0,25
27,26;-1,85;-1,19;2,90;55,75;48,74;0,25
27,26;-0,52;-1,89;-0,14;55,75;48,74;0,25
27,27;-0,52;-1,89;-0,14;55,75;48,74;0,25
27,29;-0,52;-1,89;-0,14;55,75;48,74;0,25
27,31;-0,52;-1,89;-0,14;55,75;48,74;0,25
27,33;-0,52;-1,89;-0,14;55,75;48,74;0,25
27,33;-0,42;-2,16;-1,99;55,75;48,74;0,25
27,34;-0,42;-2,16;-1,99;55,75;48,74;0,25
27,35;-0,42;-2,16;-1,99;55,75;48,74;0,25
27,37;-0,42;-2,16;-1,99;55,75;48,74;0,25
27,39;-0,42;-2,16;-1,99;55,75;48,74;0,25
27,39;-0,42;-2,16;-1,99;55,75;48,74;0,25
27,40;-0,27;-1,23;-4,75;55,75;48,74;0,25
27,41;-0,27;-1,23;-4,75;55,75;48,74;0,25
27,43;-0,27;-1,23;-4,75;55,75;48,74;0,25
27,45;-0,27;-1,23;-4,75;55,75;48,74;0,25
27,47;-0,27;-1,23;-4,75;55,75;48,74;0,25
27,47;-1,23;-0,55;-2,29;55,75;48,74;0,25
27,47;-1,23;-0,55;-2,29;55,75;48,74;0,25
27,49;-1,23;-0,55;-2,29;55,75;48,74;0,25
27,51;-1,23;-0,55;-2,29;55,75;48,74;0,25
27,53;-1,23;-0,55;-2,29;55,75;48,74;0,25
27,53;0,17;0,91;0,66;55,75;48,74;0,25
27,53;0,17;0,91;0,66;55,75;48,74;0,25
27,55;0,17;0,91;0,66;55,75;48,74;0,25
27,57;0,17;0,91;0,66;55,75;48,74;0,25
27,59;0,17;0,91;0,66;55,75;48,74;0,25
27,59;0,17;0,91;0,66;55,75;48,74;0,25
27,59;2,92;0,90;4,19;55,75;48,74;0,25
27,61;2,92;0,90;4,19;55,75;48,74;0,25
27,63;2,92;0,90;4,19;55,75;48,74;0,25
27,65;2,92;0,90;4,19;55,75;48,74;0,25
27,67;2,92;0,90;4,19;55,75;48,74;0,25
27,67;2,42;1,39;0,71;55,75;48,74;0,25
27,67;2,42;1,39;0,71;55,75;48,74;0,25
27,69;2,42;1,39;0,71;55,75;48,74;0,25
27,71;2,42;1,39;0,71;55,75;48,74;0,25
27,73;2,42;1,39;0,71;55,75;48,74;0,25
27,73;2,28;-0,78;2,25;55,75;48,74;0,25
27,73;2,28;-0,78;2,25;55,75;48,74;0,25
27,75;2,28;-0,78;2,25;55,75;48,74;0,25
27,77;2,28;-0,78;2,25;55,75;48,74;0,25
27,79;2,28;-0,78;2,25;55,75;48,74;0,25
27,79;2,28;-0,78;2,25;55,75;48,74;0,25
27,79;1,96;-1,94;0,75;55,75;48,74;0,25
27,80;1,96;-1,94;0,75;55,75;48,74;0,25
27,82;1,96;-1,94;0,75;55,75;48,74;0,25
27,84;1,96;-1,94;0,75;55,75;48,74;0,25
27,86;1,96;-1,94;0,75;55,75;48,74;0,25
27,87;1,96;-1,94;0,75;55,75;48,74;0,25
27,87;1,16;-1,77;-1,46;55,75;48,74;0,25
27,88;1,16;-1,77;-1,46;55,75;48,74;0,25
27,90;1,16;-1,77;-1,46;55,75;48,74;0,25
27,92;1,16;-1,77;-1,46;55,75;48,74;0,25
27,92;1,16;-1,77;-1,46;55,75;48,74;0,25
27,93;-1,43;-1,51;-4,06;55,75;48,74;0,25
27,94;-1,43;-1,51;-4,06;55,75;48,74;0,25
27,96;-1,43;-1,51;-4,06;55,75;48,74;0,25
27,98;-1,43;-1,51;-4,06;55,75;48,74;0,25
28,00;-1,43;-1,51;-4,06;55,75;48,74;0,28
28,00;-1,44;-1,04;-4,30;55,75;48,74;0,28
28,01;-1,44;-1,04;-4,30;55,75;48,74;0,28
28,02;-1,44;-1,04;-4,30;55,75;48,74;0,28
28,04;-1,44;-1,04;-4,30;55,75;48,74;0,28
28,06;-1,44;-1,04;-4,30;55,75;48,74;0,28
28,06;-1,44;0,25;-2,00;55,75;48,74;0,28
28,06;-1,44;0,25;-2,00;55,75;48,74;0,28
28,08;-1,44;0,25;-2,00;55,75;48,74;0,28
28,10;-1,44;0,25;-2,00;55,75;48,74;0,28
28,12;-1,44;0,25;-2,00;55,75;48,74;0,28
28,12;-0,21;2,22;2,22;55,75;48,74;0,28
28,12;-0,21;2,22;2,22;55,75;48,74;0,28
28,14;-0,21;2,22;2,22;55,75;48,74;0,28
28,16;-0,21;2,22;2,22;55,75;48,74;0,28
28,18;-0,21;2,22;2,22;55,75;48,74;0,28
28,20;-0,21;2,22;2,22;55,75;48,74;0,28
28,20;-0,21;2,22;2,22;55,75;48,74;0,28
28,20;0,52;2,97;4,05;55,75;48,74;0,28
28,22;0,52;2,97;4,05;55,75;48,74;0,28
28,24;0,52;2,97;4,05;55,75;48,74;0,28
28,26;0,52;2,97;4,05;55,75;48,74;0,28
28,26;0,26;1,78;4,54;55,75;48,74;0,28
28,26;0,26;1,78;4,54;55,75;48,74;0,28
28,28;0,26;1,78;4,54;55,75;48,74;0,28
28,30;0,26;1,78;4,54;55,75;48,74;0,28
28,32;0,26;1,78;4,54;55,75;48,74;0,28
28,34;0,26;1,78;4,54;55,75;48,74;0,28
28,34;0,26;1,78;4,54;55,75;48,74;0,28
28,34;-1,21;-1,22;2,16;55,75;48,74;0,28
28,36;-1,21;-1,22;2,16;55,75;48,74;0,28
28,37;-1,21;-1,22;2,16;55,75;48,74;0,28
28,39;-1,21;-1,22;2,16;55,75;48,74;0,28
28,40;-1,21;-1,22;2,16;55,75;48,74;0,28
28,40;-0,99;-1,74;-0,59;55,75;48,74;0,28
28,41;-0,99;-1,74;-0,59;55,75;48,74;0,28
28,43;-0,99;-1,74;-0,59;55,75;48,74;0,28
28,46;-0,99;-1,74;-0,59;55,75;48,74;0,28
28,46;-0,80;-2,06;-0,67;55,75;48,74;0,28
28,46;-0,80;-2,06;-0,67;55,75;48,74;0,28
28,47;-0,80;-2,06;-0,67;55,75;48,74;0,28
28,49;-0,80;-2,06;-0,67;55,75;48,74;0,28
28,51;-0,80;-2,06;-0,67;55,75;48,74;0,28
28,53;-0,80;-2,06;-0,67;55,75;48,74;0,28
28,53;-0,32;-1,43;-3,82;55,75;48,74;0,28
28,54;-0,32;-1,43;-3,82;55,75;48,74;0,28
28,55;-0,32;-1,43;-3,82;55,75;48,74;0,28
28,57;-0,32;-1,43;-3,82;55,75;48,74;0,28
28,59;-0,32;-1,43;-3,82;55,75;48,74;0,28
28,59;-0,18;-0,43;-4,02;55,75;48,74;0,28
28,59;-0,18;-0,43;-4,02;55,75;48,74;0,28
28,61;-0,18;-0,43;-4,02;55,75;48,74;0,28
28,63;-0,18;-0,43;-4,02;55,75;48,74;0,28
28,65;-0,18;-0,43;-4,02;55,75;48,74;0,28
28,67;-0,18;-0,43;-4,02;55,75;48,74;0,28
28,67;-0,18;-0,43;-4,02;55,75;48,74;0,28
28,67;-0,32;0,52;-0,58;55,75;48,74;0,28
28,69;-0,32;0,52;-0,58;55,75;48,74;0,28
28,71;-0,32;0,52;-0,58;55,75;48,74;0,28
28,73;-0,32;0,52;-0,58;55,75;48,74;0,28
28,73;-0,32;0,52;-0,58;55,75;48,74;0,28
28,73;0,87;1,25;2,07;55,75;48,74;0,28
28,75;0,87;1,25;2,07;55,75;48,74;0,28
28,77;0,87;1,25;2,07;55,75;48,74;0,28
28,79;0,87;1,25;2,07;55,75;48,74;0,28
28,79;2,62;1,69;3,78;55,75;48,74;0,28
28,79;2,62;1,69;3,78;55,75;48,74;0,28
28,81;2,62;1,69;3,78;55,75;48,74;0,28
28,83;2,62;1,69;3,78;55,75;48,74;0,28
28,85;2,62;1,69;3,78;55,75;48,74;0,28
28,87;2,62;1,69;3,78;55,75;48,74;0,28
28,87;2,62;1,69;3,78;55,75;48,74;0,28
28,87;2,50;-0,04;3,46;55,75;48,74;0,28
28,89;2,50;-0,04;3,46;55,75;48,74;0,28
28,91;2,50;-0,04;3,46;55,75;48,74;0,28
28,93;2,50;-0,04;3,46;55,75;48,74;0,28
28,93;1,13;-2,14;0,48;55,75;48,74;0,28
28,93;1,13;-2,14;0,48;55,75;48,74;0,28
28,95;1,13;-2,14;0,48;55,75;48,74;0,28
28,97;1,13;-2,14;0,48;55,75;48,74;0,28
28,98;1,13;-2,14;0,48;55,75;48,74;0,28
29,01;1,13;-2,14;0,48;55,75;48,74;0,66
29,01;1,13;-2,14;0,48;55,75;48,74;0,66
29,01;0,63;-2,26;-1,84;55,75;48,74;0,66
29,02;0,63;-2,26;-1,84;55,75;48,74;0,66
29,04;0,63;-2,26;-1,84;55,75;48,74;0,66
29,06;0,63;-2,26;-1,84;55,75;48,74;0,66
29,07;-2,19;-1,60;-3,45;55,75;48,74;0,66
29,07;-2,19;-1,60;-3,45;55,75;48,74;0,66
29,08;-2,19;-1,60;-3,45;55,75;48,74;0,66
29,10;-2,19;-1,60;-3,45;55,75;48,74;0,66
29,12;-2,19;-1,60;-3,45;55,75;48,74;0,66
29,12;-1,38;-0,74;-4,08;55,75;48,74;0,66
29,13;-1,38;-0,74;-4,08;55,75;48,74;0,66
29,14;-1,38;-0,74;-4,08;55,75;48,74;0,66
29,16;-1,38;-0,74;-4,08;55,75;48,74;0,66
29,18;-1,38;-0,74;-4,08;55,75;48,74;0,66
29,20;-1,38;-0,74;-4,08;55,75;48,74;0,66
29,21;-1,38;-0,74;-4,08;55,75;48,74;0,66
29,21;-1,05;0,26;-1,89;55,75;48,74;0,66
29,22;-1,05;0,26;-1,89;55,75;48,74;0,66
29,24;-1,05;0,26;-1,89;55,75;48,74;0,66
29,26;-1,05;0,26;-1,89;55,75;48,74;0,66
29,26;-1,05;0,26;-1,89;55,75;48,74;0,66
29,26;-0,27;2,24;1,63;55,75;48,74;0,66
29,28;-0,27;2,24;1,63;55,75;48,74;0,66
29,30;-0,27;2,24;1,63;55,75;48,74;0,66
29,32;-0,27;2,24;1,63;55,75;48,74;0,66
29,32;-0,27;2,24;1,63;55,75;48,74;0,66
29,32;-0,35;3,04;3,54;55,75;48,74;0,66
29,34;-0,35;3,04;3,54;55,75;48,74;0,66
29,36;-0,35;3,04;3,54;55,75;48,74;0,66
29,38;-0,35;3,04;3,54;55,75;48,74;0,66
29,40;-0,35;3,04;3,54;55,75;48,74;0,66
29,40;-0,51;1,22;6,10;55,75;48,74;0,66
29,40;-0,51;1,22;6,10;55,75;48,74;0,66
29,42;-0,51;1,22;6,10;55,75;48,74;0,66
29,44;-0,51;1,22;6,10;55,75;48,74;0,66
29,46;-0,51;1,22;6,10;55,75;48,74;0,66
29,46;-2,07;-1,14;1,68;55,75;48,74;0,66
29,46;-2,07;-1,14;1,68;55,75;48,74;0,66
29,48;-2,07;-1,14;1,68;55,75;48,74;0,66
29,50;-2,07;-1,14;1,68;55,75;48,74;0,66
29,52;-2,07;-1,14;1,68;55,75;48,74;0,66
29,54;-2,07;-1,14;1,68;55,75;48,74;0,66
29,54;-2,07;-1,14;1,68;55,75;48,74;0,66
29,54;-1,28;-1,31;-1,03;55,75;48,74;0,66
29,56;-1,28;-1,31;-1,03;55,75;48,74;0,66
29,57;-1,28;-1,31;-1,03;55,75;48,74;0,66
29,60;-1,28;-1,31;-1,03;55,75;48,74;0,66
29,60;-0,66;-1,74;-1,49;55,75;48,74;0,66
29,60;-0,66;-1,74;-1,49;55,75;48,74;0,66
29,62;-0,66;-1,74;-1,49;55,75;48,74;0,66
29,63;-0,66;-1,74;-1,49;55,75;48,74;0,66
29,65;-0,66;-1,74;-1,49;55,75;48,74;0,66
29,65;0,08;-1,56;-4,06;55,75;48,74;0,66
29,66;0,08;-1,56;-4,06;55,75;48,74;0,66
29,67;0,08;-1,56;-4,06;55,75;48,74;0,66
29,69;0,08;-1,56;-4,06;55,75;48,74;0,66
29,71;0,08;-1,56;-4,06;55,75;48,74;0,66
29,73;0,08;-1,56;-4,06;55,75;48,74;0,66
29,73;-0,42;-0,78;-3,18;55,75;48,74;0,66
29,74;-0,42;-0,78;-3,18;55,75;48,74;0,66
29,75;-0,42;-0,78;-3,18;55,75;48,74;0,66
29,77;-0,42;-0,78;-3,18;55,75;48,74;0,66
29,79;-0,42;-0,78;-3,18;55,75;48,74;0,66
29,79;0,46;0,42;0,79;55,75;48,74;0,66
29,79;0,46;0,42;0,79;55,75;48,74;0,66
29,81;0,46;0,42;0,79;55,75;48,74;0,66
29,83;0,46;0,42;0,79;55,75;48,74;0,66
29,85;0,46;0,42;0,79;55,75;48,74;0,66
29,87;0,46;0,42;0,79;55,75;48,74;0,66
29,87;2,26;1,07;2,77;55,75;48,74;0,66
29,87;2,26;1,07;2,77;55,75;48,74;0,66
29,89;2,26;1,07;2,77;55,75;48,74;0,66
29,91;2,26;1,07;2,77;55,75;48,74;0,66
29,93;2,26;1,07;2,77;55,75;48,74;0,66
29,93;2,26;1,07;2,77;55,75;48,74;0,66
29,93;2,19;1,55;2,09;55,75;48,74;0,66
29,95;2,19;1,55;2,09;55,75;48,74;0,66
29,97;2,19;1,55;2,09;55,75;48,74;0,66
29,99;2,19;1,55;2,09;55,75;48,74;0,66
29,99;2,19;1,55;2,09;55,75;48,74;0,33
29,99;1,01;-0,69;3,16;55,75;48,74;0,33
30,01;1,01;-0,69;3,16;55,75;48,74;0,33
30,03;1,01;-0,69;3,16;55,75;48,74;0,33
30,05;1,01;-0,69;3,16;55,75;48,74;0,33
30,07;1,01;-0,69;3,16;55,75;48,74;0,33
30,07;1,25;-1,76;0,23;55,75;48,74;0,33
30,07;1,25;-1,76;0,23;55,75;48,74;0,33
30,09;1,25;-1,76;0,23;55,75;48,74;0,33
30,11;1,25;-1,76;0,23;55,75;48,74;0,33
30,13;1,25;-1,76;0,23;55,75;48,74;0,33
30,13;1,25;-1,76;0,23;55,75;48,74;0,33
30,13;1,10;-1,56;-2,74;55,75;48,74;0,33
30,14;1,10;-1,56;-2,74;55,75;48,74;0,33
30,16;1,10;-1,56;-2,74;55,75;48,74;0,33
30,18;1,10;-1,56;-2,74;55,75;48,74;0,33
30,20;1,10;-1,56;-2,74;55,75;48,74;0,33
30,21;1,10;-1,56;-2,74;55,75;48,74;0,33
30,21;-1,94;-1,38;-3,91;55,75;48,74;0,33
30,22;-1,94;-1,38;-3,91;55,75;48,74;0,33
30,24;-1,94;-1,38;-3,91;55,75;48,74;0,33
30,26;-1,94;-1,38;-3,91;55,75;48,74;0,33
30,26;-1,94;-1,38;-3,91;55,75;48,74;0,33
30,27;-1,06;-0,57;-3,65;55,75;48,74;0,33
30,28;-1,06;-0,57;-3,65;55,75;48,74;0,33
30,30;-1,06;-0,57;-3,65;55,75;48,74;0,33
30,32;-1,06;-0,57;-3,65;55,75;48,74;0,33
30,32;-1,06;0,82;-0,48;55,75;48,74;0,33
30,33;-1,06;0,82;-0,48;55,75;48,74;0,33
30,34;-1,06;0,82;-0,48;55,75;48,74;0,33
30,36;-1,06;0,82;-0,48;55,75;48,74;0,33
30,38;-1,06;0,82;-0,48;55,75;48,74;0,33
30,40;-1,06;0,82;-0,48;55,75;48,74;0,33
30,40;-0,71;2,35;1,98;55,75;48,74;0,33
30,40;-0,71;2,35;1,98;55,75;48,74;0,33
30,42;-0,71;2,35;1,98;55,75;48,74;0,33
30,44;-0,71;2,35;1,98;55,75;48,74;0,33
30,46;-0,71;2,35;1,98;55,75;48,74;0,33
30,46;-0,12;2,52;4,64;55,75;48,74;0,33
30,46;-0,12;2,52;4,64;55,75;48,74;0,33
30,48;-0,12;2,52;4,64;55,75;48,74;0,33
30,50;-0,12;2,52;4,64;55,75;48,74;0,33
30,52;-0,12;2,52;4,64;55,75;48,74;0,33
30,52;-0,12;2,52;4,64;55,75;48,74;0,33
30,52;-0,15;0,59;6,46;55,75;48,74;0,33
30,54;-0,15;0,59;6,46;55,75;48,74;0,33
30,56;-0,15;0,59;6,46;55,75;48,74;0,33
30,58;-0,15;0,59;6,46;55,75;48,74;0,33
30,60;-0,15;0,59;6,46;55,75;48,74;0,33
30,60;-0,15;0,59;6,46;55,75;48,74;0,33
30,60;-1,03;-1,49;0,16;55,75;48,74;0,33
30,62;-1,03;-1,49;0,16;55,75;48,74;0,33
30,64;-1,03;-1,49;0,16;55,75;48,74;0,33
30,66;-1,03;-1,49;0,16;55,75;48,74;0,33
30,66;-0,77;-1,78;-2,35;55,75;48,74;0,33
30,66;-0,77;-1,78;-2,35;55,75;48,74;0,33
30,68;-0,77;-1,78;-2,35;55,75;48,74;0,33
30,70;-0,77;-1,78;-2,35;55,75;48,74;0,33
30,72;-0,77;-1,78;-2,35;55,75;48,74;0,33
30,74;-0,77;-1,78;-2,35;55,75;48,74;0,33
30,74;-0,77;-1,78;-2,35;55,75;48,74;0,33
30,74;-1,00;-2,22;-2,31;55,75;48,74;0,33
30,75;-1,00;-2,22;-2,31;55,75;48,74;0,33
30,77;-1,00;-2,22;-2,31;55,75;48,74;0,33
30,79;-1,00;-2,22;-2,31;55,75;48,74;0,33
30,80;-1,00;-2,22;-2,31;55,75;48,74;0,33
30,80;-0,39;-1,40;-3,89;55,75;48,74;0,33
30,81;-0,39;-1,40;-3,89;55,75;48,74;0,33
30,83;-0,39;-1,40;-3,89;55,75;48,74;0,33
30,85;-0,39;-1,40;-3,89;55,75;48,74;0,33
30,86;-0,39;-1,40;-3,89;55,75;48,74;0,33
30,86;-0,38;-0,19;-2,88;55,75;48,74;0,33
30,87;-0,38;-0,19;-2,88;55,75;48,74;0,33
30,89;-0,38;-0,19;-2,88;55,75;48,74;0,33
30,91;-0,38;-0,19;-2,88;55,75;48,74;0,33
30,93;-0,38;-0,19;-2,88;55,75;48,74;0,33
30,93;-0,38;-0,19;-2,88;55,75;48,74;0,33
30,94;-0,22;0,19;0,88;55,75;48,74;0,33
30,96;-0,22;0,19;0,88;55,75;48,74;0,33
30,97;-0,22;0,19;0,88;55,75;48,74;0,33
30,99;-0,22;0,19;0,88;55,75;48,74;0,77
30,99;-0,22;0,19;0,88;55,75;48,74;0,77
30,99;1,49;1,85;2,64;55,75;48,74;0,77
31,01;1,49;1,85;2,64;55,75;48,74;0,77
31,03;1,49;1,85;2,64;55,75;48,74;0,77
31,05;1,49;1,85;2,64;55,75;48,74;0,77
31,07;1,49;1,85;2,64;55,75;48,74;0,77
31,07;1,49;1,85;2,64;55,75;48,74;0,77
31,07;5,21;3,44;4,24;55,75;48,74;0,77
31,09;5,21;3,44;4,24;55,75;48,74;0,77
31,11;5,21;3,44;4,24;55,75;48,74;0,77
31,13;5,21;3,44;4,24;55,75;48,74;0,77
31,13;5,21;3,44;4,24;55,75;48,74;0,77
31,13;1,53;-1,31;2,92;55,75;48,74;0,77
31,15;1,53;-1,31;2,92;55,75;48,74;0,77
31,17;1,53;-1,31;2,92;55,75;48,74;0,77
31,19;1,53;-1,31;2,92;55,75;48,74;0,77
31,19;0,80;-4,01;-0,26;55,75;48,74;0,77
31,19;0,80;-4,01;-0,26;55,75;48,74;0,77
31,21;0,80;-4,01;-0,26;55,75;48,74;0,77
31,23;0,80;-4,01;-0,26;55,75;48,74;0,77
31,25;0,80;-4,01;-0,26;55,75;48,74;0,77
31,27;0,80;-4,01;-0,26;55,75;48,74;0,77
31,27;0,25;-2,11;-1,87;55,75;48,74;0,77
31,27;0,25;-2,11;-1,87;55,75;48,74;0,77
31,29;0,25;-2,11;-1,87;55,75;48,74;0,77
31,31;0,25;-2,11;-1,87;55,75;48,74;0,77
31,33;0,25;-2,11;-1,87;55,75;48,74;0,77
31,33;0,25;-2,11;-1,87;55,75;48,74;0,77
31,33;-1,17;-1,09;-3,47;55,75;48,74;0,77
31,35;-1,17;-1,09;-3,47;55,75;48,74;0,77
31,36;-1,17;-1,09;-3,47;55,75;48,74;0,77
31,38;-1,17;-1,09;-3,47;55,75;48,74;0,77
31,40;-0,72;-0,53;-3,49;55,75;48,74;0,77
31,41;-0,72;-0,53;-3,49;55,75;48,74;0,77
31,41;-0,72;-0,53;-3,49;55,75;48,74;0,77
31,42;-0,72;-0,53;-3,49;55,75;48,74;0,77
31,44;-0,72;-0,53;-3,49;55,75;48,74;0,77
31,46;-0,72;-0,53;-3,49;55,75;48,74;0,77
31,47;-0,72;-0,53;-3,49;55,75;48,74;0,77
31,47;-0,89;0,42;-2,00;55,75;48,74;0,77
31,48;-0,89;0,42;-2,00;55,75;48,74;0,77
31,50;-0,89;0,42;-2,00;55,75;48,74;0,77
31,52;-0,89;0,42;-2,00;55,75;48,74;0,77
31,53;0,03;1,81;1,12;55,75;48,74;0,77
31,53;0,03;1,81;1,12;55,75;48,74;0,77
31,54;0,03;1,81;1,12;55,75;48,74;0,77
31,56;0,03;1,81;1,12;55,75;48,74;0,77
31,58;0,03;1,81;1,12;55,75;48,74;0,77
31,60;0,03;1,81;1,12;55,75;48,74;0,77
31,60;0,03;1,81;1,12;55,75;48,74;0,77
31,60;0,06;2,50;3,50;55,75;48,74;0,77
31,62;0,06;2,50;3,50;55,75;48,74;0,77
31,64;0,06;2,50;3,50;55,75;48,74;0,77
31,66;0,06;2,50;3,50;55,75;48,74;0,77
31,66;0,06;2,50;3,50;55,75;48,74;0,77
31,66;-0,23;1,64;4,41;55,75;48,74;0,77
31,68;-0,23;1,64;4,41;55,75;48,74;0,77
31,70;-0,23;1,64;4,41;55,75;48,74;0,77
31,72;-0,23;1,64;4,41;55,75;48,74;0,77
31,72;-0,23;1,64;4,41;55,75;48,74;0,77
31,72;-2,36;-1,06;1,73;55,75;48,74;0,77
31,74;-2,36;-1,06;1,73;55,75;48,74;0,77
31,76;-2,36;-1,06;1,73;55,75;48,74;0,77
31,78;-2,36;-1,06;1,73;55,75;48,74;0,77
31,80;-2,36;-1,06;1,73;55,75;48,74;0,77
31,80;-1,47;-1,54;-0,13;55,75;48,74;0,77
31,80;-1,47;-1,54;-0,13;55,75;48,74;0,77
31,82;-1,47;-1,54;-0,13;55,75;48,74;0,77
31,84;-1,47;-1,54;-0,13;55,75;48,74;0,77
31,86;-1,47;-1,54;-0,13;55,75;48,74;0,77
31,86;-0,16;-1,54;-0,77;55,75;48,74;0,77
31,86;-0,16;-1,54;-0,77;55,75;48,74;0,77
31,88;-0,16;-1,54;-0,77;55,75;48,74;0,77
31,90;-0,16;-1,54;-0,77;55,75;48,74;0,77
31,92;-0,16;-1,54;-0,77;55,75;48,74;0,77
31,94;-0,16;-1,54;-0,77;55,75;48,74;0,77
31,94;-0,16;-1,54;-0,77;55,75;48,74;0,77
31,94;0,08;-0,95;-3,82;55,75;48,74;0,77
31,95;0,08;-0,95;-3,82;55,75;48,74;0,77
31,97;0,08;-0,95;-3,82;55,75;48,74;0,77
31,99;0,08;-0,95;-3,82;55,75;48,74;0,77
31,99;0,08;-0,95;-3,82;55,75;48,74;0,77
31,99;-0,06;-0,46;-3,61;55,75;48,74;0,77
32,01;-0,06;-0,46;-3,61;55,75;48,74;0,77
32,03;-0,06;-0,46;-3,61;55,75;48,74;0,77
32,05;0,21;0,25;-1,31;55,75;48,74;0,77
32,05;0,21;0,25;-1,31;55,75;48,74;0,77
32,06;0,21;0,25;-1,31;55,75;48,74;0,77
32,07;0,21;0,25;-1,31;55,75;48,74;0,77
32,09;0,21;0,25;-1,31;55,75;48,74;0,77
32,11;0,21;0,25;-1,31;55,75;48,74;0,77
32,13;0,21;0,25;-1,31;55,75;48,74;0,77
32,13;0,93;0,90;1,80;55,75;48,74;0,77
32,13;0,93;0,90;1,80;55,75;48,74;0,77
32,15;0,93;0,90;1,80;55,75;48,74;0,77
32,17;0,93;0,90;1,80;55,75;48,74;0,77
32,19;0,93;0,90;1,80;55,75;48,74;0,77
32,19;1,25;2,05;3,34;55,75;48,74;0,77
32,20;1,25;2,05;3,34;55,75;48,74;0,77
32,21;1,25;2,05;3,34;55,75;48,74;0,77
32,23;1,25;2,05;3,34;55,75;48,74;0,77
32,25;1,25;2,05;3,34;55,75;48,74;0,77
32,27;1,25;2,05;3,34;55,75;48,74;0,77
32,27;1,25;2,05;3,34;55,75;48,74;0,77
32,27;0,94;-0,75;4,45;55,75;48,74;0,77
32,29;0,94;-0,75;4,45;55,75;48,74;0,77
32,31;0,94;-0,75;4,45;55,75;48,74;0,77
32,33;0,94;-0,75;4,45;55,75;48,74;0,77
32,33;0,84;-2,33;1,38;55,75;48,74;0,77
32,33;0,84;-2,33;1,38;55,75;48,74;0,77
32,35;0,84;-2,33;1,38;55,75;48,74;0,77
32,37;0,84;-2,33;1,38;55,75;48,74;0,77
32,39;0,84;-2,33;1,38;55,75;48,74;0,77
32,39;2,27;-1,11;-1,86;55,75;48,74;0,77
32,39;2,27;-1,11;-1,86;55,75;48,74;0,77
32,41;2,27;-1,11;-1,86;55,75;48,74;0,77
32,43;2,27;-1,11;-1,86;55,75;48,74;0,77
32,45;2,27;-1,11;-1,86;55,75;48,74;0,77
32,47;2,27;-1,11;-1,86;55,75;48,74;0,77
32,47;2,27;-1,11;-1,86;55,75;48,74;0,77
32,47;-1,35;-0,95;-3,88;55,75;48,74;0,77
32,49;-1,35;-0,95;-3,88;55,75;48,74;0,77
32,51;-1,35;-0,95;-3,88;55,75;48,74;0,77
32,53;-1,35;-0,95;-3,88;55,75;48,74;0,77
32,53;-1,35;-0,95;-3,88;55,75;48,74;0,77
32,53;-1,45;-0,87;-3,73;55,75;48,74;0,77
32,54;-1,45;-0,87;-3,73;55,75;48,74;0,77
32,56;-1,45;-0,87;-3,73;55,75;48,74;0,77
32,58;-1,45;-0,87;-3,73;55,75;48,74;0,77
32,60;-1,45;-0,87;-3,73;55,75;48,74;0,77
32,61;-1,45;-0,87;-3,73;55,75;48,74;0,77
32,61;-1,11;-0,07;-1,33;55,75;48,74;0,77
32,62;-1,11;-0,07;-1,33;55,75;48,74;0,77
32,64;-1,11;-0,07;-1,33;55,75;48,74;0,77
32,66;-1,11;-0,07;-1,33;55,75;48,74;0,77
32,66;-1,11;-0,07;-1,33;55,75;48,74;0,77
32,67;-0,80;1,99;0,37;55,75;48,74;0,77
32,68;-0,80;1,99;0,37;55,75;48,74;0,77
32,70;-0,80;1,99;0,37;55,75;48,74;0,77
32,72;-0,80;1,99;0,37;55,75;48,74;0,77
32,72;-0,90;2,68;3,45;55,75;48,74;0,77
32,73;-0,90;2,68;3,45;55,75;48,74;0,77
32,74;-0,90;2,68;3,45;55,75;48,74;0,77
32,76;-0,90;2,68;3,45;55,75;48,74;0,77
32,78;-0,90;2,68;3,45;55,75;48,74;0,77
32,80;-0,90;2,68;3,45;55,75;48,74;0,77
32,80;-0,70;1,26;5,55;55,75;48,74;0,77
32,80;-0,70;1,26;5,55;55,75;48,74;0,77
32,82;-0,70;1,26;5,55;55,75;48,74;0,77
32,84;-0,70;1,26;5,55;55,75;48,74;0,77
32,86;-0,70;1,26;5,55;55,75;48,74;0,77
32,86;-2,11;-1,06;1,77;55,75;48,74;0,77
32,86;-2,11;-1,06;1,77;55,75;48,74;0,77
32,88;-2,11;-1,06;1,77;55,75;48,74;0,77
32,90;-2,11;-1,06;1,77;55,75;48,74;0,77
32,92;-2,11;-1,06;1,77;55,75;48,74;0,77
32,92;-0,66;-1,68;0,63;55,75;48,74;0,77
32,92;-0,66;-1,68;0,63;55,75;48,74;0,77
32,94;-0,66;-1,68;0,63;55,75;48,74;0,77
32,96;-0,66;-1,68;0,63;55,75;48,74;0,77
32,98;-0,66;-1,68;0,63;55,75;48,74;0,50
33,00;-0,66;-1,68;0,63;55,75;48,74;0,50
33,00;0,38;-2,02;-1,68;55,75;48,74;0,50
33,00;0,38;-2,02;-1,68;55,75;48,74;0,50
33,02;0,38;-2,02;-1,68;55,75;48,74;0,50
33,04;0,38;-2,02;-1,68;55,75;48,74;0,50
33,06;0,38;-2,02;-1,68;55,75;48,74;0,50
33,06;0,38;-2,02;-1,68;55,75;48,74;0,50
33,06;0,29;-1,78;-4,87;55,75;48,74;0,50
33,08;0,29;-1,78;-4,87;55,75;48,74;0,50
33,10;0,29;-1,78;-4,87;55,75;48,74;0,50
33,11;0,29;-1,78;-4,87;55,75;48,74;0,50
33,14;0,29;-1,78;-4,87;55,75;48,74;0,50
33,14;0,45;-0,56;-4,22;55,75;48,74;0,50
33,14;0,45;-0,56;-4,22;55,75;48,74;0,50
33,16;0,45;-0,56;-4,22;55,75;48,74;0,50
33,18;0,45;-0,56;-4,22;55,75;48,74;0,50
33,19;0,45;-0,56;-4,22;55,75;48,74;0,50
33,20;1,14;0,39;0,10;55,75;48,74;0,50
33,20;1,14;0,39;0,10;55,75;48,74;0,50
33,21;1,14;0,39;0,10;55,75;48,74;0,50
33,23;1,14;0,39;0,10;55,75;48,74;0,50
33,25;1,14;0,39;0,10;55,75;48,74;0,50
33,25;2,29;0,90;3,12;55,75;48,74;0,50
33,26;2,29;0,90;3,12;55,75;48,74;0,50
33,27;2,29;0,90;3,12;55,75;48,74;0,50
33,29;2,29;0,90;3,12;55,75;48,74;0,50
33,31;2,29;0,90;3,12;55,75;48,74;0,50
33,33;2,29;0,90;3,12;55,75;48,74;0,50
33,33;2,29;0,90;3,12;55,75;48,74;0,50
33,33;2,19;1,88;2,82;55,75;48,74;0,50
33,35;2,19;1,88;2,82;55,75;48,74;0,50
33,37;2,19;1,88;2,82;55,75;48,74;0,50
33,39;2,19;1,88;2,82;55,75;48,74;0,50
33,39;2,19;1,88;2,82;55,75;48,74;0,50
33,39;0,89;-1,68;3,88;55,75;48,74;0,50
33,41;0,89;-1,68;3,88;55,75;48,74;0,50
33,43;0,89;-1,68;3,88;55,75;48,74;0,50
33,45;0,89;-1,68;3,88;55,75;48,74;0,50
33,47;0,89;-1,68;3,88;55,75;48,74;0,50
33,47;1,47;-3,00;-0,37;55,75;48,74;0,50
33,47;1,47;-3,00;-0,37;55,75;48,74;0,50
33,49;1,47;-3,00;-0,37;55,75;48,74;0,50
33,51;1,47;-3,00;-0,37;55,75;48,74;0,50
33,53;1,47;-3,00;-0,37;55,75;48,74;0,50
33,53;1,47;-3,00;-0,37;55,75;48,74;0,50
33,53;0,42;-1,48;-2,34;55,75;48,74;0,50
33,55;0,42;-1,48;-2,34;55,75;48,74;0,50
33,57;0,42;-1,48;-2,34;55,75;48,74;0,50
33,59;0,42;-1,48;-2,34;55,75;48,74;0,50
33,59;0,42;-1,48;-2,34;55,75;48,74;0,50
33,59;-1,60;-0,66;-2,83;55,75;48,74;0,50
33,61;-1,60;-0,66;-2,83;55,75;48,74;0,50
33,63;-1,60;-0,66;-2,83;55,75;48,74;0,50
33,65;-1,60;-0,66;-2,83;55,75;48,74;0,50
33,67;-1,60;-0,66;-2,83;55,75;48,74;0,50
33,67;-1,41;-0,04;-3,14;55,75;48,74;0,50
33,67;-1,41;-0,04;-3,14;55,75;48,74;0,50
33,69;-1,41;-0,04;-3,14;55,75;48,74;0,50
33,71;-1,41;-0,04;-3,14;55,75;48,74;0,50
33,73;-1,41;-0,04;-3,14;55,75;48,74;0,50
33,73;-1,41;-0,04;-3,14;55,75;48,74;0,50
33,73;-1,34;0,77;-0,76;55,75;48,74;0,50
33,75;-1,34;0,77;-0,76;55,75;48,74;0,50
33,76;-1,34;0,77;-0,76;55,75;48,74;0,50
33,78;-1,34;0,77;-0,76;55,75;48,74;0,50
33,80;-1,34;0,77;-0,76;55,75;48,74;0,50
33,80;-0,55;1,47;0,83;55,75;48,74;0,50
33,81;-0,55;1,47;0,83;55,75;48,74;0,50
33,82;-0,55;1,47;0,83;55,75;48,74;0,50
33,84;-0,55;1,47;0,83;55,75;48,74;0,50
33,86;-0,55;1,47;0,83;55,75;48,74;0,50
33,86;-1,48;1,71;3,87;55,75;48,74;0,50
33,86;-1,48;1,71;3,87;55,75;48,74;0,50
33,88;-1,48;1,71;3,87;55,75;48,74;0,50
33,90;-1,48;1,71;3,87;55,75;48,74;0,50
33,92;-1,48;1,71;3,87;55,75;48,74;0,50
33,92;-1,48;1,71;3,87;55,75;48,74;0,50
33,92;0,19;0,81;4,65;55,75;48,74;0,50
33,94;0,19;0,81;4,65;55,75;48,74;0,50
33,96;0,19;0,81;4,65;55,75;48,74;0,50
33,98;0,19;0,81;4,65;55,75;48,74;0,85
34,00;0,19;0,81;4,65;55,75;48,74;0,85
34,00;0,48;-0,75;0,45;55,75;48,74;0,85
34,00;0,48;-0,75;0,45;55,75;48,74;0,85
34,02;0,48;-0,75;0,45;55,75;48,74;0,85
34,04;0,48;-0,75;0,45;55,75;48,74;0,85
34,06;0,48;-0,75;0,45;55,75;48,74;0,85
34,06;0,48;-0,75;0,45;55,75;48,74;0,85
34,06;0,55;-1,84;0,04;55,75;48,74;0,85
34,08;0,55;-1,84;0,04;55,75;48,74;0,85
34,10;0,55;-1,84;0,04;55,75;48,74;0,85
34,12;0,55;-1,84;0,04;55,75;48,74;0,85
34,14;0,55;-1,84;0,04;55,75;48,74;0,85
34,14;-0,26;-2,22;-1,39;55,75;48,74;0,85
34,14;-0,26;-2,22;-1,39;55,75;48,74;0,85
34,16;-0,26;-2,22;-1,39;55,75;48,74;0,85
34,18;-0,26;-2,22;-1,39;55,75;48,74;0,85
34,20;-0,26;-2,22;-1,39;55,75;48,74;0,85
34,20;-0,26;-2,22;-1,39;55,75;48,74;0,85
34,20;-0,20;-1,46;-4,24;55,75;48,74;0,85
34,22;-0,20;-1,46;-4,24;55,75;48,74;0,85
34,24;-0,20;-1,46;-4,24;55,75;48,74;0,85
34,26;-0,20;-1,46;-4,24;55,75;48,74;0,85
34,26;-0,22;-0,90;-2,67;55,75;48,74;0,85
34,26;-0,22;-0,90;-2,67;55,75;48,74;0,85
34,27;-0,22;-0,90;-2,67;55,75;48,74;0,85
34,30;-0,22;-0,90;-2,67;55,75;48,74;0,85
34,32;-0,22;-0,90;-2,67;55,75;48,74;0,85
34,34;-0,22;-0,90;-2,67;55,75;48,74;0,85
34,34;0,48;0,54;0,20;55,75;48,74;0,85
34,34;0,48;0,54;0,20;55,75;48,74;0,85
34,35;0,48;0,54;0,20;55,75;48,74;0,85
34,37;0,48;0,54;0,20;55,75;48,74;0,85
34,39;0,48;0,54;0,20;55,75;48,74;0,85
34,39;1,97;1,19;3,20;55,75;48,74;0,85
34,40;1,97;1,19;3,20;55,75;48,74;0,85
34,41;1,97;1,19;3,20;55,75;48,74;0,85
34,43;1,97;1,19;3,20;55,75;48,74;0,85
34,45;1,97;1,19;3,20;55,75;48,74;0,85
34,45;1,02;0,74;3,94;55,75;48,74;0,85
34,45;1,02;0,74;3,94;55,75;48,74;0,85
34,47;1,02;0,74;3,94;55,75;48,74;0,85
34,49;1,02;0,74;3,94;55,75;48,74;0,85
34,51;1,02;0,74;3,94;55,75;48,74;0,85
34,53;1,02;0,74;3,94;55,75;48,74;0,85
34,53;1,02;0,74;3,94;55,75;48,74;0,85
34,53;0,35;-1,36;2,98;55,75;48,74;0,85
34,55;0,35;-1,36;2,98;55,75;48,74;0,85
34,57;0,35;-1,36;2,98;55,75;48,74;0,85
34,59;0,35;-1,36;2,98;55,75;48,74;0,85
34,59;0,28;-1,73;-2,92;55,75;48,74;0,85
34,59;0,28;-1,73;-2,92;55,75;48,74;0,85
34,61;0,28;-1,73;-2,92;55,75;48,74;0,85
34,63;0,28;-1,73;-2,92;55,75;48,74;0,85
34,65;0,28;-1,73;-2,92;55,75;48,74;0,85
34,68;0,28;-1,73;-2,92;55,75;48,74;0,85
34,68;0,28;-1,73;-2,92;55,75;48,74;0,85
34,68;0,71;-0,75;-2,58;55,75;48,74;0,85
34,69;0,71;-0,75;-2,58;55,75;48,74;0,85
34,71;0,71;-0,75;-2,58;55,75;48,74;0,85
34,73;0,71;-0,75;-2,58;55,75;48,74;0,85
34,73;-1,05;-0,01;-1,33;55,75;48,74;0,85
34,73;-1,05;-0,01;-1,33;55,75;48,74;0,85
34,75;-1,05;-0,01;-1,33;55,75;48,74;0,85
34,77;-1,05;-0,01;-1,33;55,75;48,74;0,85
34,79;-1,05;-0,01;-1,33;55,75;48,74;0,85
34,79;-1,05;-0,01;-1,33;55,75;48,74;0,85
34,79;-1,21;0,70;-0,57;55,75;48,74;0,85
34,81;-1,21;0,70;-0,57;55,75;48,74;0,85
34,83;-1,21;0,70;-0,57;55,75;48,74;0,85
34,85;-1,21;0,70;-0,57;55,75;48,74;0,85
34,87;-1,21;0,70;-0,57;55,75;48,74;0,85
34,87;-1,21;0,70;-0,57;55,75;48,74;0,85
34,87;-0,86;0,80;0,50;55,75;48,74;0,85
34,88;-0,86;0,80;0,50;55,75;48,74;0,85
34,90;-0,86;0,80;0,50;55,75;48,74;0,85
34,93;-0,86;0,80;0,50;55,75;48,74;0,85
34,93;0,75;0,63;1,36;55,75;48,74;0,85
34,93;0,75;0,63;1,36;55,75;48,74;0,85
34,94;0,75;0,63;1,36;55,75;48,74;0,85
34,96;0,75;0,63;1,36;55,75;48,74;0,85
34,98;0,75;0,63;1,36;55,75;48,74;0,85
35,00;0,75;0,63;1,36;55,75;48,74;0,47
35,01;-0,14;-0,68;3,09;55,75;48,74;0,47
35,01;-0,14;-0,68;3,09;55,75;48,74;0,47
35,02;-0,14;-0,68;3,09;55,75;48,74;0,47
35,04;-0,14;-0,68;3,09;55,75;48,74;0,47
35,06;-0,04;0,07;-1,93;55,75;48,74;0,47
35,06;-0,04;0,07;-1,93;55,75;48,74;0,47
35,06;-0,04;0,07;-1,93;55,75;48,74;0,47
35,08;-0,04;0,07;-1,93;55,75;48,74;0,47
35,10;-0,04;0,07;-1,93;55,75;48,74;0,47
35,12;-0,04;0,07;-1,93;55,75;48,74;0,47
35,12;-0,04;0,07;-1,93;55,75;48,74;0,47
35,12;-1,44;-0,80;1,35;55,75;48,74;0,47
35,14;-1,44;-0,80;1,35;55,75;48,74;0,47
35,16;-1,44;-0,80;1,35;55,75;48,74;0,47
35,18;-1,44;-0,80;1,35;55,75;48,74;0,47
35,20;-1,44;-0,80;1,35;55,75;48,74;0,47
35,20;-1,44;-0,80;1,35;55,75;48,74;0,47
35,20;-1,16;-0,92;-1,58;55,75;48,74;0,47
35,22;-1,16;-0,92;-1,58;55,75;48,74;0,47
35,24;-1,16;-0,92;-1,58;55,75;48,74;0,47
35,26;-1,16;-0,92;-1,58;55,75;48,74;0,47
35,26;-1,16;-0,92;-1,58;55,75;48,74;0,47
35,26;-0,16;-1,14;-1,02;55,75;48,74;0,47
35,28;-0,16;-1,14;-1,02;55,75;48,74;0,47
35,30;-0,16;-1,14;-1,02;55,75;48,74;0,47
35,32;-0,16;-1,14;-1,02;55,75;48,74;0,47
35,34;-0,16;-1,14;-1,02;55,75;48,74;0,47
35,34;-0,16;-1,14;-1,02;55,75;48,74;0,47
35,34;0,84;-1,13;0,57;55,75;48,74;0,47
35,36;0,84;-1,13;0,57;55,75;48,74;0,47
35,38;0,84;-1,13;0,57;55,75;48,74;0,47
35,40;0,84;-1,13;0,57;55,75;48,74;0,47
35,40;0,84;-1,13;0,57;55,75;48,74;0,47
35,40;0,51;0,04;0,95;55,75;48,74;0,47
35,42;0,51;0,04;0,95;55,75;48,74;0,47
35,44;0,51;0,04;0,95;55,75;48,74;0,47
35,46;0,51;0,04;0,95;55,75;48,74;0,47
35,46;-0,02;-0,27;3,92;55,75;48,74;0,47
35,46;-0,02;-0,27;3,92;55,75;48,74;0,47
35,48;-0,02;-0,27;3,92;55,75;48,74;0,47
35,49;-0,02;-0,27;3,92;55,75;48,74;0,47
35,51;-0,02;-0,27;3,92;55,75;48,74;0,47
35,53;-0,02;-0,27;3,92;55,75;48,74;0,47
35,54;0,33;1,03;-2,01;55,75;48,74;0,47
35,54;0,33;1,03;-2,01;55,75;48,74;0,47
35,55;0,33;1,03;-2,01;55,75;48,74;0,47
35,57;0,33;1,03;-2,01;55,75;48,74;0,47
35,59;0,33;1,03;-2,01;55,75;48,74;0,47
35,59;0,76;0,82;-2,33;55,75;48,74;0,47
35,60;0,76;0,82;-2,33;55,75;48,74;0,47
35,61;0,76;0,82;-2,33;55,75;48,74;0,47
35,63;0,76;0,82;-2,33;55,75;48,74;0,47
35,65;0,76;0,82;-2,33;55,75;48,74;0,47
35,65;-0,05;-0,25;-1,59;55,75;48,74;0,47
35,66;-0,05;-0,25;-1,59;55,75;48,74;0,47
35,67;-0,05;-0,25;-1,59;55,75;48,74;0,47
35,69;-0,05;-0,25;-1,59;55,75;48,74;0,47
35,71;-0,05;-0,25;-1,59;55,75;48,74;0,47
35,73;-0,05;-0,25;-1,59;55,75;48,74;0,47
35,73;-0,23;-1,08;0,13;55,75;48,74;0,47
35,74;-0,23;-1,08;0,13;55,75;48,74;0,47
35,75;-0,23;-1,08;0,13;55,75;48,74;0,47
35,77;-0,23;-1,08;0,13;55,75;48,74;0,47
35,79;-0,23;-1,08;0,13;55,75;48,74;0,47
35,79;-0,23;-1,08;0,13;55,75;48,74;0,47
35,79;1,75;-0,39;-1,84;55,75;48,74;0,47
35,81;1,75;-0,39;-1,84;55,75;48,74;0,47
35,83;1,75;-0,39;-1,84;55,75;48,74;0,47
35,85;1,75;-0,39;-1,84;55,75;48,74;0,47
35,87;1,75;-0,39;-1,84;55,75;48,74;0,47
35,87;1,75;-0,39;-1,84;55,75;48,74;0,47
35,87;1,56;0,43;-0,57;55,75;48,74;0,47
35,89;1,56;0,43;-0,57;55,75;48,74;0,47
35,91;1,56;0,43;-0,57;55,75;48,74;0,47
35,93;1,56;0,43;-0,57;55,75;48,74;0,47
35,93;-1,81;0,30;-0,91;55,75;48,74;0,47
35,93;-1,81;0,30;-0,91;55,75;48,74;0,47
35,95;-1,81;0,30;-0,91;55,75;48,74;0,47
35,97;-1,81;0,30;-0,91;55,75;48,74;0,47
35,99;-1,81;0,30;-0,91;55,75;48,74;0,52
35,99;-2,71;0,87;-0,96;55,75;48,74;0,52
35,99;-2,71;0,87;-0,96;55,75;48,74;0,52
36,01;-2,71;0,87;-0,96;55,75;48,74;0,52
36,03;-2,71;0,87;-0,96;55,75;48,74;0,52
36,05;-2,71;0,87;-0,96;55,75;48,74;0,52
36,07;-1,86;1,02;-0,33;55,75;48,74;0,52
36,07;-1,86;1,02;-0,33;55,75;48,74;0,52
36,07;-1,86;1,02;-0,33;55,75;48,74;0,52
36,08;-1,86;1,02;-0,33;55,75;48,74;0,52
36,10;-1,86;1,02;-0,33;55,75;48,74;0,52
36,12;-1,86;1,02;-0,33;55,75;48,74;0,52
36,13;-1,86;1,02;-0,33;55,75;48,74;0,52
36,13;0,42;-0,33;7,54;55,75;48,74;0,52
36,14;0,42;-0,33;7,54;55,75;48,74;0,52
36,16;0,42;-0,33;7,54;55,75;48,74;0,52
36,18;0,42;-0,33;7,54;55,75;48,74;0,52
36,20;0,42;-0,33;7,54;55,75;48,74;0,52
36,20;-1,12;-0,63;4,20;55,75;48,74;0,52
36,21;-1,12;-0,63;4,20;55,75;48,74;0,52
36,22;-1,12;-0,63;4,20;55,75;48,74;0,52
36,24;-1,12;-0,63;4,20;55,75;48,74;0,52
36,26;-1,12;-0,63;4,20;55,75;48,74;0,52
36,26;-1,23;-0,05;-1,15;55,75;48,74;0,52
36,27;-1,23;-0,05;-1,15;55,75;48,74;0,52
36,28;-1,23;-0,05;-1,15;55,75;48,74;0,52
36,30;-1,23;-0,05;-1,15;55,75;48,74;0,52
36,32;-1,23;-0,05;-1,15;55,75;48,74;0,52
36,32;-0,23;-0,41;-2,44;55,75;48,74;0,52
36,32;-0,23;-0,41;-2,44;55,75;48,74;0,52
36,34;-0,23;-0,41;-2,44;55,75;48,74;0,52
36,36;-0,23;-0,41;-2,44;55,75;48,74;0,52
36,38;-0,23;-0,41;-2,44;55,75;48,74;0,52
36,40;-0,23;-0,41;-2,44;55,75;48,74;0,52
36,40;0,33;-0,60;-2,50;55,75;48,74;0,52
36,40;0,33;-0,60;-2,50;55,75;48,74;0,52
36,42;0,33;-0,60;-2,50;55,75;48,74;0,52
36,44;0,33;-0,60;-2,50;55,75;48,74;0,52
36,46;0,33;-0,60;-2,50;55,75;48,74;0,52
36,46;-0,37;-0,66;-0,86;55,75;48,74;0,52
36,46;-0,37;-0,66;-0,86;55,75;48,74;0,52
36,48;-0,37;-0,66;-0,86;55,75;48,74;0,52
36,50;-0,37;-0,66;-0,86;55,75;48,74;0,52
36,52;-0,37;-0,66;-0,86;55,75;48,74;0,52
36,54;-0,37;-0,66;-0,86;55,75;48,74;0,52
36,54;-0,78;0,56;0,40;55,75;48,74;0,52
36,54;-0,78;0,56;0,40;55,75;48,74;0,52
36,56;-0,78;0,56;0,40;55,75;48,74;0,52
36,58;-0,78;0,56;0,40;55,75;48,74;0,52
36,60;-0,78;0,56;0,40;55,75;48,74;0,52
36,60;-0,78;0,56;0,40;55,75;48,74;0,52
36,60;0,08;0,74;4,69;55,75;48,74;0,52
36,62;0,08;0,74;4,69;55,75;48,74;0,52
36,64;0,08;0,74;4,69;55,75;48,74;0,52
36,65;0,08;0,74;4,69;55,75;48,74;0,52
36,66;0,08;0,74;4,69;55,75;48,74;0,52
36,66;0,16;0,80;2,48;55,75;48,74;0,52
36,68;0,16;0,80;2,48;55,75;48,74;0,52
36,69;0,16;0,80;2,48;55,75;48,74;0,52
36,71;0,16;0,80;2,48;55,75;48,74;0,52
36,74;0,16;0,80;2,48;55,75;48,74;0,52
36,74;0,16;0,80;2,48;55,75;48,74;0,52
36,74;1,52;-1,21;0,61;55,75;48,74;0,52
36,75;1,52;-1,21;0,61;55,75;48,74;0,52
36,77;1,52;-1,21;0,61;55,75;48,74;0,52
36,79;1,52;-1,21;0,61;55,75;48,74;0,52
36,79;1,52;-1,21;0,61;55,75;48,74;0,52
36,80;-0,33;-1,59;-4,36;55,75;48,74;0,52
36,81;-0,33;-1,59;-4,36;55,75;48,74;0,52
36,83;-0,33;-1,59;-4,36;55,75;48,74;0,52
36,85;-0,33;-1,59;-4,36;55,75;48,74;0,52
36,85;-0,42;-1,02;0,14;55,75;48,74;0,52
36,86;-0,42;-1,02;0,14;55,75;48,74;0,52
36,87;-0,42;-1,02;0,14;55,75;48,74;0,52
36,89;-0,42;-1,02;0,14;55,75;48,74;0,52
36,91;-0,42;-1,02;0,14;55,75;48,74;0,52
36,93;-0,42;-1,02;0,14;55,75;48,74;0,52
36,93;-1,07;0,30;0,16;55,75;48,74;0,52
36,93;-1,07;0,30;0,16;55,75;48,74;0,52
36,95;-1,07;0,30;0,16;55,75;48,74;0,52
36,97;-1,07;0,30;0,16;55,75;48,74;0,52
36,99;-0,57;0,72;-1,03;55,75;48,74;0,46
36,99;-0,57;0,72;-1,03;55,75;48,74;0,46
36,99;-0,57;0,72;-1,03;55,75;48,74;0,46
37,01;-0,57;0,72;-1,03;55,75;48,74;0,46
37,03;-0,57;0,72;-1,03;55,75;48,74;0,46
37,05;-0,57;0,72;-1,03;55,75;48,74;0,46
37,07;-0,57;0,72;-1,03;55,75;48,74;0,46
37,07;-0,57;0,72;-1,03;55,75;48,74;0,46
37,07;-0,14;-0,45;-1,44;55,75;48,74;0,46
37,09;-0,14;-0,45;-1,44;55,75;48,74;0,46
37,11;-0,14;-0,45;-1,44;55,75;48,74;0,46
37,13;-0,14;-0,45;-1,44;55,75;48,74;0,46
37,13;0,02;-0,97;-1,23;55,75;48,74;0,46
37,13;0,02;-0,97;-1,23;55,75;48,74;0,46
37,15;0,02;-0,97;-1,23;55,75;48,74;0,46
37,17;0,02;-0,97;-1,23;55,75;48,74;0,46
37,19;0,02;-0,97;-1,23;55,75;48,74;0,46
37,19;1,02;-0,10;-0,77;55,75;48,74;0,46
37,19;1,02;-0,10;-0,77;55,75;48,74;0,46
37,21;1,02;-0,10;-0,77;55,75;48,74;0,46
37,23;1,02;-0,10;-0,77;55,75;48,74;0,46
37,25;1,02;-0,10;-0,77;55,75;48,74;0,46
37,27;1,02;-0,10;-0,77;55,75;48,74;0,46
37,27;0,72;0,72;-0,70;55,75;48,74;0,46
37,27;0,72;0,72;-0,70;55,75;48,74;0,46
37,28;0,72;0,72;-0,70;55,75;48,74;0,46
37,31;0,72;0,72;-0,70;55,75;48,74;0,46
37,32;0,72;0,72;-0,70;55,75;48,74;0,46
37,33;0,59;1,22;1,52;55,75;48,74;0,46
37,33;0,59;1,22;1,52;55,75;48,74;0,46
37,34;0,59;1,22;1,52;55,75;48,74;0,46
37,36;0,59;1,22;1,52;55,75;48,74;0,46
37,38;0,59;1,22;1,52;55,75;48,74;0,46
37,40;0,59;1,22;1,52;55,75;48,74;0,46
37,41;0,59;1,22;1,52;55,75;48,74;0,46
37,41;0,45;1,01;1,73;55,75;48,74;0,46
37,42;0,45;1,01;1,73;55,75;48,74;0,46
37,44;0,45;1,01;1,73;55,75;48,74;0,46
37,46;0,45;1,01;1,73;55,75;48,74;0,46
37,46;0,32;-0,67;-0,55;55,75;48,74;0,46
37,46;0,32;-0,67;-0,55;55,75;48,74;0,46
37,48;0,32;-0,67;-0,55;55,75;48,74;0,46
37,50;0,32;-0,67;-0,55;55,75;48,74;0,46
37,52;0,32;-0,67;-0,55;55,75;48,74;0,46
37,52;0,32;-0,67;-0,55;55,75;48,74;0,46
37,52;-0,07;-1,56;-2,33;55,75;48,74;0,46
37,54;-0,07;-1,56;-2,33;55,75;48,74;0,46
37,56;-0,07;-1,56;-2,33;55,75;48,74;0,46
37,58;-0,07;-1,56;-2,33;55,75;48,74;0,46
37,60;-0,07;-1,56;-2,33;55,75;48,74;0,46
37,60;-0,07;-1,56;-2,33;55,75;48,74;0,46
37,60;-1,56;-0,19;-0,58;55,75;48,74;0,46
37,62;-1,56;-0,19;-0,58;55,75;48,74;0,46
37,64;-1,56;-0,19;-0,58;55,75;48,74;0,46
37,66;-1,56;-0,19;-0,58;55,75;48,74;0,46
37,66;-1,56;-0,19;-0,58;55,75;48,74;0,46
37,66;0,21;1,09;3,57;55,75;48,74;0,46
37,68;0,21;1,09;3,57;55,75;48,74;0,46
37,70;0,21;1,09;3,57;55,75;48,74;0,46
37,72;0,21;1,09;3,57;55,75;48,74;0,46
37,74;0,21;1,09;3,57;55,75;48,74;0,46
37,74;0,43;0,76;2,53;55,75;48,74;0,46
37,74;0,43;0,76;2,53;55,75;48,74;0,46
37,76;0,43;0,76;2,53;55,75;48,74;0,46
37,78;0,43;0,76;2,53;55,75;48,74;0,46
37,80;0,36;0,25;1,09;55,75;48,74;0,46
37,80;0,36;0,25;1,09;55,75;48,74;0,46
37,80;0,36;0,25;1,09;55,75;48,74;0,46
37,82;0,36;0,25;1,09;55,75;48,74;0,46
37,84;0,36;0,25;1,09;55,75;48,74;0,46
37,86;0,36;0,25;1,09;55,75;48,74;0,46
37,86;0,36;0,25;1,09;55,75;48,74;0,46
37,86;0,95;-0,82;-2,71;55,75;48,74;0,46
37,87;0,95;-0,82;-2,71;55,75;48,74;0,46
37,89;0,95;-0,82;-2,71;55,75;48,74;0,46
37,91;0,95;-0,82;-2,71;55,75;48,74;0,46
37,93;0,95;-0,82;-2,71;55,75;48,74;0,46
37,94;-0,86;-1,96;-3,05;55,75;48,74;0,46
37,94;-0,86;-1,96;-3,05;55,75;48,74;0,46
37,96;-0,86;-1,96;-3,05;55,75;48,74;0,46
37,97;-0,86;-1,96;-3,05;55,75;48,74;0,46
37,99;-0,86;-1,96;-3,05;55,75;48,74;0,70
37,99;-0,20;-0,96;-0,75;55,75;48,74;0,70
38,00;-0,20;-0,96;-0,75;55,75;48,74;0,70
38,01;-0,20;-0,96;-0,75;55,75;48,74;0,70
38,03;-0,20;-0,96;-0,75;55,75;48,74;0,70
38,05;-0,20;-0,96;-0,75;55,75;48,74;0,70
38,05;0,76;0,62;4,48;55,75;48,74;0,70
38,06;0,76;0,62;4,48;55,75;48,74;0,70
38,07;0,76;0,62;4,48;55,75;48,74;0,70
38,09;0,76;0,62;4,48;55,75;48,74;0,70
38,11;0,76;0,62;4,48;55,75;48,74;0,70
38,13;0,76;0,62;4,48;55,75;48,74;0,70
38,13;-0,61;0,88;2,82;55,75;48,74;0,70
38,13;-0,61;0,88;2,82;55,75;48,74;0,70
38,15;-0,61;0,88;2,82;55,75;48,74;0,70
38,17;-0,61;0,88;2,82;55,75;48,74;0,70
38,19;-0,61;0,88;2,82;55,75;48,74;0,70
38,19;1,59;0,21;-1,76;55,75;48,74;0,70
38,19;1,59;0,21;-1,76;55,75;48,74;0,70
38,21;1,59;0,21;-1,76;55,75;48,74;0,70
38,23;1,59;0,21;-1,76;55,75;48,74;0,70
38,25;1,59;0,21;-1,76;55,75;48,74;0,70
38,27;1,59;0,21;-1,76;55,75;48,74;0,70
38,27;1,59;0,21;-1,76;55,75;48,74;0,70
38,27;-0,98;-0,80;0,88;55,75;48,74;0,70
38,29;-0,98;-0,80;0,88;55,75;48,74;0,70
38,31;-0,98;-0,80;0,88;55,75;48,74;0,70
38,33;-0,98;-0,80;0,88;55,75;48,74;0,70
38,33;-1,00;0,31;-1,60;55,75;48,74;0,70
38,33;-1,00;0,31;-1,60;55,75;48,74;0,70
38,35;-1,00;0,31;-1,60;55,75;48,74;0,70
38,37;-1,00;0,31;-1,60;55,75;48,74;0,70
38,39;-1,00;0,31;-1,60;55,75;48,74;0,70
38,39;-1,15;0,55;-2,72;55,75;48,74;0,70
38,39;-1,15;0,55;-2,72;55,75;48,74;0,70
38,41;-1,15;0,55;-2,72;55,75;48,74;0,70
38,42;-1,15;0,55;-2,72;55,75;48,74;0,70
38,45;-1,15;0,55;-2,72;55,75;48,74;0,70
38,46;-1,15;0,55;-2,72;55,75;48,74;0,70
38,47;0,09;-0,06;-2,26;55,75;48,74;0,70
38,47;0,09;-0,06;-2,26;55,75;48,74;0,70
38,48;0,09;-0,06;-2,26;55,75;48,74;0,70
38,50;0,09;-0,06;-2,26;55,75;48,74;0,70
38,52;0,09;-0,06;-2,26;55,75;48,74;0,70
38,53;0,63;0,16;0,03;55,75;48,74;0,70
38,53;0,63;0,16;0,03;55,75;48,74;0,70
38,54;0,63;0,16;0,03;55,75;48,74;0,70
38,56;0,63;0,16;0,03;55,75;48,74;0,70
38,58;0,63;0,16;0,03;55,75;48,74;0,70
38,60;0,63;0,16;0,03;55,75;48,74;0,70
38,60;0,63;0,16;0,03;55,75;48,74;0,70
38,60;-1,11;1,61;0,07;55,75;48,74;0,70
38,62;-1,11;1,61;0,07;55,75;48,74;0,70
38,64;-1,11;1,61;0,07;55,75;48,74;0,70
38,66;-1,11;1,61;0,07;55,75;48,74;0,70
38,66;-1,11;1,61;0,07;55,75;48,74;0,70
38,66;0,52;1,49;0,92;55,75;48,74;0,70
38,68;0,52;1,49;0,92;55,75;48,74;0,70
38,70;0,52;1,49;0,92;55,75;48,74;0,70
38,72;0,52;1,49;0,92;55,75;48,74;0,70
38,72;0,52;1,49;0,92;55,75;48,74;0,70
38,72;0,76;0,26;-0,99;55,75;48,74;0,70
38,74;0,76;0,26;-0,99;55,75;48,74;0,70
38,76;0,76;0,26;-0,99;55,75;48,74;0,70
38,78;0,76;0,26;-0,99;55,75;48,74;0,70
38,80;0,76;0,26;-0,99;55,75;48,74;0,70
38,80;-0,05;-0,80;2,32;55,75;48,74;0,70
38,80;-0,05;-0,80;2,32;55,75;48,74;0,70
38,82;-0,05;-0,80;2,32;55,75;48,74;0,70
38,84;-0,05;-0,80;2,32;55,75;48,74;0,70
38,86;-0,05;-0,80;2,32;55,75;48,74;0,70
38,86;-0,05;-0,80;2,32;55,75;48,74;0,70
38,86;0,75;-3,23;5,92;55,75;48,74;0,70
38,88;0,75;-3,23;5,92;55,75;48,74;0,70
38,90;0,75;-3,23;5,92;55,75;48,74;0,70
38,92;0,75;-3,23;5,92;55,75;48,74;0,70
38,94;0,75;-3,23;5,92;55,75;48,74;0,70
38,94;0,75;-3,23;5,92;55,75;48,74;0,70
38,94;-1,26;-0,86;-2,97;55,75;48,74;0,70
38,96;-1,26;-0,86;-2,97;55,75;48,74;0,70
38,98;-1,26;-0,86;-2,97;55,75;48,74;0,70
39,00;-1,26;-0,86;-2,97;55,75;48,74;0,18
39,00;-1,29;-0,32;1,46;55,75;48,74;0,18
39,00;-1,29;-0,32;1,46;55,75;48,74;0,18
39,02;-1,29;-0,32;1,46;55,75;48,74;0,18
39,04;-1,29;-0,32;1,46;55,75;48,74;0,18
39,06;-1,29;-0,32;1,46;55,75;48,74;0,18
39,06;-0,04;0,92;-0,19;55,75;48,74;0,18
39,06;-0,04;0,92;-0,19;55,75;48,74;0,18
39,07;-0,04;0,92;-0,19;55,75;48,74;0,18
39,09;-0,04;0,92;-0,19;55,75;48,74;0,18
39,11;-0,04;0,92;-0,19;55,75;48,74;0,18
39,13;-0,04;0,92;-0,19;55,75;48,74;0,18
39,14;-0,04;0,92;-0,19;55,75;48,74;0,18
39,14;0,56;0,77;0,37;55,75;48,74;0,18
39,15;0,56;0,77;0,37;55,75;48,74;0,18
39,17;0,56;0,77;0,37;55,75;48,74;0,18
39,19;0,56;0,77;0,37;55,75;48,74;0,18
39,19;0,56;0,77;0,37;55,75;48,74;0,18
39,19;-1,20;-0,11;-0,62;55,75;48,74;0,18
39,21;-1,20;-0,11;-0,62;55,75;48,74;0,18
39,23;-1,20;-0,11;-0,62;55,75;48,74;0,18
39,25;-1,20;-0,11;-0,62;55,75;48,74;0,18
39,27;-1,20;-0,11;-0,62;55,75;48,74;0,18
39,27;-1,20;-0,11;-0,62;55,75;48,74;0,18
39,27;-0,28;-0,25;-0,91;55,75;48,74;0,18
39,29;-0,28;-0,25;-0,91;55,75;48,74;0,18
39,31;-0,28;-0,25;-0,91;55,75;48,74;0,18
39,33;-0,27;0,03;-1,30;55,75;48,74;0,18
39,33;-0,27;0,03;-1,30;55,75;48,74;0,18
39,33;-0,27;0,03;-1,30;55,75;48,74;0,18
39,35;-0,27;0,03;-1,30;55,75;48,74;0,18
39,37;-0,27;0,03;-1,30;55,75;48,74;0,18
39,39;-0,27;0,03;-1,30;55,75;48,74;0,18
39,39;0,09;0,45;-0,67;55,75;48,74;0,18
39,39;0,09;0,45;-0,67;55,75;48,74;0,18
39,41;0,09;0,45;-0,67;55,75;48,74;0,18
39,43;0,09;0,45;-0,67;55,75;48,74;0,18
39,45;0,09;0,45;-0,67;55,75;48,74;0,18
39,47;0,09;0,45;-0,67;55,75;48,74;0,18
39,47;0,09;0,45;-0,67;55,75;48,74;0,18
39,47;-1,11;0,52;-1,64;55,75;48,74;0,18
39,49;-1,11;0,52;-1,64;55,75;48,74;0,18
39,51;-1,11;0,52;-1,64;55,75;48,74;0,18
39,53;-1,11;0,52;-1,64;55,75;48,74;0,18
39,53;-1,11;0,52;-1,64;55,75;48,74;0,18
39,53;-0,12;1,01;-0,07;55,75;48,74;0,18
39,55;-0,12;1,01;-0,07;55,75;48,74;0,18
39,57;-0,12;1,01;-0,07;55,75;48,74;0,18
39,59;-0,12;1,01;-0,07;55,75;48,74;0,18
39,59;-0,12;1,01;-0,07;55,75;48,74;0,18
39,59;4,23;-0,50;3,62;55,75;48,74;0,18
39,61;4,23;-0,50;3,62;55,75;48,74;0,18
39,62;4,23;-0,50;3,62;55,75;48,74;0,18
39,64;4,23;-0,50;3,62;55,75;48,74;0,18
39,66;4,23;-0,50;3,62;55,75;48,74;0,18
39,67;0,53;-1,02;0,81;55,75;48,74;0,18
39,67;0,53;-1,02;0,81;55,75;48,74;0,18
39,68;0,53;-1,02;0,81;55,75;48,74;0,18
39,70;0,53;-1,02;0,81;55,75;48,74;0,18
39,72;0,53;-1,02;0,81;55,75;48,74;0,18
39,72;0,65;0,07;0,39;55,75;48,74;0,18
39,72;0,65;0,07;0,39;55,75;48,74;0,18
39,74;0,65;0,07;0,39;55,75;48,74;0,18
39,76;0,65;0,07;0,39;55,75;48,74;0,18
39,78;0,65;0,07;0,39;55,75;48,74;0,18
39,80;0,65;0,07;0,39;55,75;48,74;0,18
39,80;0,65;0,07;0,39;55,75;48,74;0,18
39,80;-2,41;1,08;-1,41;55,75;48,74;0,18
39,82;-2,41;1,08;-1,41;55,75;48,74;0,18
39,84;-2,41;1,08;-1,41;55,75;48,74;0,18
39,86;-2,41;1,08;-1,41;55,75;48,74;0,18
39,86;-0,52;0,74;-0,49;55,75;48,74;0,18
39,86;-0,52;0,74;-0,49;55,75;48,74;0,18
39,88;-0,52;0,74;-0,49;55,75;48,74;0,18
39,90;-0,52;0,74;-0,49;55,75;48,74;0,18
39,92;-0,52;0,74;-0,49;55,75;48,74;0,18
39,92;-0,52;0,74;-0,49;55,75;48,74;0,18
39,92;0,07;0,30;-0,92;55,75;48,74;0,18
39,94;0,07;0,30;-0,92;55,75;48,74;0,18
39,96;0,07;0,30;-0,92;55,75;48,74;0,18
39,98;0,07;0,30;-0,92;55,75;48,74;0,54
40,00;0,07;0,30;-0,92;55,75;48,74;0,54
40,00;0,07;0,30;-0,92;55,75;48,74;0,54
40,00;0,04;0,90;-1,49;55,75;48,74;0,54
40,02;0,04;0,90;-1,49;55,75;48,74;0,54
40,04;0,04;0,90;-1,49;55,75;48,74;0,54
40,06;0,04;0,90;-1,49;55,75;48,74;0,54
40,06;0,04;0,90;-1,49;55,75;48,74;0,54
40,06;1,35;0,64;2,06;55,75;48,74;0,54
40,08;1,35;0,64;2,06;55,75;48,74;0,54
40,10;1,35;0,64;2,06;55,75;48,74;0,54
40,12;1,35;0,64;2,06;55,75;48,74;0,54
40,14;1,35;0,64;2,06;55,75;48,74;0,54
40,14;1,33;-0,99;2,64;55,75;48,74;0,54
40,14;1,33;-0,99;2,64;55,75;48,74;0,54
40,16;1,33;-0,99;2,64;55,75;48,74;0,54
40,18;1,33;-0,99;2,64;55,75;48,74;0,54
40,20;1,33;-0,99;2,64;55,75;48,74;0,54
40,20;1,33;-0,99;2,64;55,75;48,74;0,54
40,20;-2,20;-0,86;-1,34;55,75;48,74;0,54
40,22;-2,20;-0,86;-1,34;55,75;48,74;0,54
40,24;-2,20;-0,86;-1,34;55,75;48,74;0,54
40,25;-2,20;-0,86;-1,34;55,75;48,74;0,54
40,26;-2,20;-0,86;-1,34;55,75;48,74;0,54
40,26;-0,12;-1,06;1,39;55,75;48,74;0,54
40,27;-0,12;-1,06;1,39;55,75;48,74;0,54
40,29;-0,12;-1,06;1,39;55,75;48,74;0,54
40,31;-0,12;-1,06;1,39;55,75;48,74;0,54
40,33;-0,12;-1,06;1,39;55,75;48,74;0,54
40,33;-0,12;-1,06;1,39;55,75;48,74;0,54
40,34;0,08;-1,42;0,65;55,75;48,74;0,54
40,35;0,08;-1,42;0,65;55,75;48,74;0,54
40,37;0,08;-1,42;0,65;55,75;48,74;0,54
40,39;0,08;-1,42;0,65;55,75;48,74;0,54
40,39;0,08;-1,42;0,65;55,75;48,74;0,54
40,39;0,49;-0,62;-2,07;55,75;48,74;0,54
40,41;0,49;-0,62;-2,07;55,75;48,74;0,54
40,43;0,49;-0,62;-2,07;55,75;48,74;0,54
40,45;0,49;-0,62;-2,07;55,75;48,74;0,54
40,47;0,49;-0,62;-2,07;55,75;48,74;0,54
40,47;0,49;-0,62;-2,07;55,75;48,74;0,54
40,47;-0,12;-0,18;-2,12;55,75;48,74;0,54
40,49;-0,12;-0,18;-2,12;55,75;48,74;0,54
40,51;-0,12;-0,18;-2,12;55,75;48,74;0,54
40,53;-0,12;-0,18;-2,12;55,75;48,74;0,54
40,53;-0,38;0,21;-1,80;55,75;48,74;0,54
40,53;-0,38;0,21;-1,80;55,75;48,74;0,54
40,55;-0,38;0,21;-1,80;55,75;48,74;0,54
40,57;-0,38;0,21;-1,80;55,75;48,74;0,54
40,59;-0,38;0,21;-1,80;55,75;48,74;0,54
40,59;-0,38;0,21;-1,80;55,75;48,74;0,54
40,59;-1,23;1,05;0,53;55,75;48,74;0,54
40,61;-1,23;1,05;0,53;55,75;48,74;0,54
40,63;-1,23;1,05;0,53;55,75;48,74;0,54
40,65;-1,23;1,05;0,53;55,75;48,74;0,54
40,67;-1,23;1,05;0,53;55,75;48,74;0,54
40,67;-1,23;1,05;0,53;55,75;48,74;0,54
40,67;-0,56;1,84;2,34;55,75;48,74;0,54
40,69;-0,56;1,84;2,34;55,75;48,74;0,54
40,71;-0,56;1,84;2,34;55,75;48,74;0,54
40,73;-0,56;1,84;2,34;55,75;48,74;0,54
40,73;-0,56;1,84;2,34;55,75;48,74;0,54
40,73;0,77;0,97;-1,25;55,75;48,74;0,54
40,75;0,77;0,97;-1,25;55,75;48,74;0,54
40,77;0,77;0,97;-1,25;55,75;48,74;0,54
40,79;0,77;0,97;-1,25;55,75;48,74;0,54
40,79;0,77;0,97;-1,25;55,75;48,74;0,54
40,79;1,42;-2,48;0,73;55,75;48,74;0,54
40,81;1,42;-2,48;0,73;55,75;48,74;0,54
40,82;1,42;-2,48;0,73;55,75;48,74;0,54
40,84;1,42;-2,48;0,73;55,75;48,74;0,54
40,86;1,42;-2,48;0,73;55,75;48,74;0,54
40,87;1,42;-2,48;0,73;55,75;48,74;0,54
40,87;2,72;-2,95;4,00;55,75;48,74;0,54
40,88;2,72;-2,95;4,00;55,75;48,74;0,54
40,90;2,72;-2,95;4,00;55,75;48,74;0,54
40,92;2,72;-2,95;4,00;55,75;48,74;0,54
40,92;1,31;0,45;-5,08;55,75;48,74;0,54
40,92;1,31;0,45;-5,08;55,75;48,74;0,54
40,94;1,31;0,45;-5,08;55,75;48,74;0,54
40,97;1,31;0,45;-5,08;55,75;48,74;0,54
40,98;1,31;0,45;-5,08;55,75;48,74;0,86
41,00;1,31;0,45;-5,08;55,75;48,74;0,86
41,00;1,31;0,45;-5,08;55,75;48,74;0,86
41,00;-0,78;-0,02;0,34;55,75;48,74;0,86
41,02;-0,78;-0,02;0,34;55,75;48,74;0,86
41,04;-0,78;-0,02;0,34;55,75;48,74;0,86
41,06;-0,78;-0,02;0,34;55,75;48,74;0,86
41,06;-0,78;-0,02;0,34;55,75;48,74;0,86
41,06;-1,38;0,08;-1,73;55,75;48,74;0,86
41,08;-1,38;0,08;-1,73;55,75;48,74;0,86
41,10;-1,38;0,08;-1,73;55,75;48,74;0,86
41,12;-1,38;0,08;-1,73;55,75;48,74;0,86
41,12;-1,38;0,08;-1,73;55,75;48,74;0,86
41,12;-1,36;-0,42;-0,50;55,75;48,74;0,86
41,14;-1,36;-0,42;-0,50;55,75;48,74;0,86
41,16;-1,36;-0,42;-0,50;55,75;48,74;0,86
41,18;-1,36;-0,42;-0,50;55,75;48,74;0,86
41,20;-1,36;-0,42;-0,50;55,75;48,74;0,86
41,20;-0,46;0,81;-0,09;55,75;48,74;0,86
41,20;-0,46;0,81;-0,09;55,75;48,74;0,86
41,22;-0,46;0,81;-0,09;55,75;48,74;0,86
41,24;-0,46;0,81;-0,09;55,75;48,74;0,86
41,26;-0,46;0,81;-0,09;55,75;48,74;0,86
41,26;-0,46;0,81;-0,09;55,75;48,74;0,86
41,26;-0,32;2,06;-0,33;55,75;48,74;0,86
41,28;-0,32;2,06;-0,33;55,75;48,74;0,86
41,30;-0,32;2,06;-0,33;55,75;48,74;0,86
41,32;-0,32;2,06;-0,33;55,75;48,74;0,86
41,34;-0,32;2,06;-0,33;55,75;48,74;0,86
41,34;-0,36;0,37;1,72;55,75;48,74;0,86
41,34;-0,36;0,37;1,72;55,75;48,74;0,86
41,36;-0,36;0,37;1,72;55,75;48,74;0,86
41,38;-0,36;0,37;1,72;55,75;48,74;0,86
41,40;-0,36;0,37;1,72;55,75;48,74;0,86
41,40;-0,36;0,37;1,72;55,75;48,74;0,86
41,40;-2,49;-0,38;-1,32;55,75;48,74;0,86
41,41;-2,49;-0,38;-1,32;55,75;48,74;0,86
41,43;-2,49;-0,38;-1,32;55,75;48,74;0,86
41,45;-2,49;-0,38;-1,32;55,75;48,74;0,86
41,46;-2,49;-0,38;-1,32;55,75;48,74;0,86
41,46;-0,81;2,06;3,38;55,75;48,74;0,86
41,47;-0,81;2,06;3,38;55,75;48,74;0,86
41,49;-0,81;2,06;3,38;55,75;48,74;0,86
41,51;-0,81;2,06;3,38;55,75;48,74;0,86
41,53;-0,81;2,06;3,38;55,75;48,74;0,86
41,53;3,50;2,09;6,32;55,75;48,74;0,86
41,54;3,50;2,09;6,32;55,75;48,74;0,86
41,55;3,50;2,09;6,32;55,75;48,74;0,86
41,57;3,50;2,09;6,32;55,75;48,74;0,86
41,59;3,50;2,09;6,32;55,75;48,74;0,86
41,59;3,29;0,33;0,14;55,75;48,74;0,86
41,59;3,29;0,33;0,14;55,75;48,74;0,86
41,61;3,29;0,33;0,14;55,75;48,74;0,86
41,63;3,29;0,33;0,14;55,75;48,74;0,86
41,65;3,29;0,33;0,14;55,75;48,74;0,86
41,67;3,29;0,33;0,14;55,75;48,74;0,86
41,67;-0,25;-0,98;-2,47;55,75;48,74;0,86
41,67;-0,25;-0,98;-2,47;55,75;48,74;0,86
41,69;-0,25;-0,98;-2,47;55,75;48,74;0,86
41,71;-0,25;-0,98;-2,47;55,75;48,74;0,86
41,73;-0,25;-0,98;-2,47;55,75;48,74;0,86
41,73;-1,63;-2,96;-3,67;55,75;48,74;0,86
41,73;-1,63;-2,96;-3,67;55,75;48,74;0,86
41,75;-1,63;-2,96;-3,67;55,75;48,74;0,86
41,77;-1,63;-2,96;-3,67;55,75;48,74;0,86
41,79;-1,63;-2,96;-3,67;55,75;48,74;0,86
41,79;-1,63;-2,96;-3,67;55,75;48,74;0,86
41,79;1,29;-3,91;-2,69;55,75;48,74;0,86
41,81;1,29;-3,91;-2,69;55,75;48,74;0,86
41,83;1,29;-3,91;-2,69;55,75;48,74;0,86
41,85;1,29;-3,91;-2,69;55,75;48,74;0,86
41,87;1,29;-3,91;-2,69;55,75;48,74;0,86
41,87;1,28;-2,48;-2,14;55,75;48,74;0,86
41,87;1,28;-2,48;-2,14;55,75;48,74;0,86
41,89;1,28;-2,48;-2,14;55,75;48,74;0,86
41,91;1,28;-2,48;-2,14;55,75;48,74;0,86
41,93;1,28;-2,48;-2,14;55,75;48,74;0,86
41,93;2,06;0,62;0,69;55,75;48,74;0,86
41,93;2,06;0,62;0,69;55,75;48,74;0,86
41,95;2,06;0,62;0,69;55,75;48,74;0,86
41,97;2,06;0,62;0,69;55,75;48,74;0,86
41,99;2,06;0,62;0,69;55,75;48,74;0,44
41,99;2,06;0,62;0,69;55,75;48,74;0,44
41,99;3,19;0,85;5,92;55,75;48,74;0,44
42,01;3,19;0,85;5,92;55,75;48,74;0,44
42,02;3,19;0,85;5,92;55,75;48,74;0,44
42,04;3,19;0,85;5,92;55,75;48,74;0,44
42,06;3,19;0,85;5,92;55,75;48,74;0,44
42,06;-1,97;-0,20;2,27;55,75;48,74;0,44
42,06;-1,97;-0,20;2,27;55,75;48,74;0,44
42,08;-1,97;-0,20;2,27;55,75;48,74;0,44
42,10;-1,97;-0,20;2,27;55,75;48,74;0,44
42,12;-1,97;-0,20;2,27;55,75;48,74;0,44
42,12;-1,97;-0,20;2,27;55,75;48,74;0,44
42,12;-2,42;-0,34;-0,62;55,75;48,74;0,44
42,14;-2,42;-0,34;-0,62;55,75;48,74;0,44
42,16;-2,42;-0,34;-0,62;55,75;48,74;0,44
42,18;-2,42;-0,34;-0,62;55,75;48,74;0,44
42,20;-2,42;-0,34;-0,62;55,75;48,74;0,44
42,20;-2,66;-0,03;-1,48;55,75;48,74;0,44
42,20;-2,66;-0,03;-1,48;55,75;48,74;0,44
42,22;-2,66;-0,03;-1,48;55,75;48,74;0,44
42,24;-2,66;-0,03;-1,48;55,75;48,74;0,44
42,26;-2,66;-0,03;-1,48;55,75;48,74;0,44
42,26;-2,66;-0,03;-1,48;55,75;48,74;0,44
42,27;-2,76;0,32;0,57;55,75;48,74;0,44
42,28;-2,76;0,32;0,57;55,75;48,74;0,44
42,30;-2,76;0,32;0,57;55,75;48,74;0,44
42,32;-2,76;0,32;0,57;55,75;48,74;0,44
42,32;-2,76;0,32;0,57;55,75;48,74;0,44
42,32;-2,35;1,73;0,27;55,75;48,74;0,44
42,34;-2,35;1,73;0,27;55,75;48,74;0,44
42,36;-2,35;1,73;0,27;55,75;48,74;0,44
42,38;-2,35;1,73;0,27;55,75;48,74;0,44
42,40;-2,35;1,73;0,27;55,75;48,74;0,44
42,40;-2,35;1,73;0,27;55,75;48,74;0,44
42,40;-2,73;2,15;0,96;55,75;48,74;0,44
42,42;-2,73;2,15;0,96;55,75;48,74;0,44
42,44;-2,73;2,15;0,96;55,75;48,74;0,44
42,46;-2,73;2,15;0,96;55,75;48,74;0,44
42,46;-2,73;2,15;0,96;55,75;48,74;0,44
42,46;-1,91;0,51;2,43;55,75;48,74;0,44
42,48;-1,91;0,51;2,43;55,75;48,74;0,44
42,50;-1,91;0,51;2,43;55,75;48,74;0,44
42,52;-1,91;0,51;2,43;55,75;48,74;0,44
42,54;-1,91;0,51;2,43;55,75;48,74;0,44
42,54;-1,91;0,51;2,43;55,75;48,74;0,44
42,54;-3,04;0,50;1,18;55,75;48,74;0,44
42,56;-3,04;0,50;1,18;55,75;48,74;0,44
42,57;-3,04;0,50;1,18;55,75;48,74;0,44
42,60;-3,04;0,50;1,18;55,75;48,74;0,44
42,60;-3,04;0,50;1,18;55,75;48,74;0,44
42,60;1,18;-2,37;7,72;55,75;48,74;0,44
42,61;1,18;-2,37;7,72;55,75;48,74;0,44
42,63;1,18;-2,37;7,72;55,75;48,74;0,44
42,65;1,18;-2,37;7,72;55,75;48,74;0,44
42,65;0,64;-3,15;1,48;55,75;48,74;0,44
42,65;0,64;-3,15;1,48;55,75;48,74;0,44
42,67;0,64;-3,15;1,48;55,75;48,74;0,44
42,69;0,64;-3,15;1,48;55,75;48,74;0,44
42,71;0,64;-3,15;1,48;55,75;48,74;0,44
42,73;0,64;-3,15;1,48;55,75;48,74;0,44
42,73;0,64;-3,15;1,48;55,75;48,74;0,44
42,73;0,30;-4,50;-0,77;55,75;48,74;0,44
42,75;0,30;-4,50;-0,77;55,75;48,74;0,44
42,77;0,30;-4,50;-0,77;55,75;48,74;0,44
42,79;0,30;-4,50;-0,77;55,75;48,74;0,44
42,79;0,30;-4,50;-0,77;55,75;48,74;0,44
42,79;-0,02;-3,67;-3,94;55,75;48,74;0,44
42,81;-0,02;-3,67;-3,94;55,75;48,74;0,44
42,83;-0,02;-3,67;-3,94;55,75;48,74;0,44
42,85;-0,02;-3,67;-3,94;55,75;48,74;0,44
42,87;-0,02;-3,67;-3,94;55,75;48,74;0,44
42,87;-0,02;-3,67;-3,94;55,75;48,74;0,44
42,87;1,03;-1,96;-2,77;55,75;48,74;0,44
42,89;1,03;-1,96;-2,77;55,75;48,74;0,44
42,91;1,03;-1,96;-2,77;55,75;48,74;0,44
42,93;1,03;-1,96;-2,77;55,75;48,74;0,44
42,93;1,03;-1,96;-2,77;55,75;48,74;0,44
42,93;2,46;0,11;-0,11;55,75;48,74;0,44
42,95;2,46;0,11;-0,11;55,75;48,74;0,44
42,97;2,46;0,11;-0,11;55,75;48,74;0,44
42,99;2,46;0,11;-0,11;55,75;48,74;0,00
42,99;2,49;1,74;2,49;55,75;48,74;0,00
42,99;2,49;1,74;2,49;55,75;48,74;0,00
43,01;2,49;1,74;2,49;55,75;48,74;0,00
43,03;2,49;1,74;2,49;55,75;48,74;0,00
43,05;2,49;1,74;2,49;55,75;48,74;0,00
43,07;2,49;1,74;2,49;55,75;48,74;0,00
43,07;1,42;1,98;0,61;55,75;48,74;0,00
43,07;1,42;1,98;0,61;55,75;48,74;0,00
43,09;1,42;1,98;0,61;55,75;48,74;0,00
43,11;1,42;1,98;0,61;55,75;48,74;0,00
43,13;1,42;1,98;0,61;55,75;48,74;0,00
43,13;-0,95;-1,25;3,47;55,75;48,74;0,00
43,13;-0,95;-1,25;3,47;55,75;48,74;0,00
43,15;-0,95;-1,25;3,47;55,75;48,74;0,00
43,17;-0,95;-1,25;3,47;55,75;48,74;0,00
43,19;-0,54;-2,12;-1,12;55,75;48,74;0,00
43,19;-0,54;-2,12;-1,12;55,75;48,74;0,00
43,19;-0,54;-2,12;-1,12;55,75;48,74;0,00
43,20;-0,54;-2,12;-1,12;55,75;48,74;0,00
43,22;-0,54;-2,12;-1,12;55,75;48,74;0,00
43,24;-0,54;-2,12;-1,12;55,75;48,74;0,00
43,26;-0,54;-2,12;-1,12;55,75;48,74;0,00
43,26;-0,54;-2,12;-1,12;55,75;48,74;0,00
43,26;-1,52;-1,30;-4,14;55,75;48,74;0,00
43,28;-1,52;-1,30;-4,14;55,75;48,74;0,00
43,30;-1,52;-1,30;-4,14;55,75;48,74;0,00
43,32;-1,52;-1,30;-4,14;55,75;48,74;0,00
43,32;-1,96;-0,62;-2,54;55,75;48,74;0,00
43,33;-1,96;-0,62;-2,54;55,75;48,74;0,00
43,34;-1,96;-0,62;-2,54;55,75;48,74;0,00
43,36;-1,96;-0,62;-2,54;55,75;48,74;0,00
43,38;-1,96;-0,62;-2,54;55,75;48,74;0,00
43,40;-1,96;-0,62;-2,54;55,75;48,74;0,00
43,40;-0,75;0,68;-1,45;55,75;48,74;0,00
43,40;-0,75;0,68;-1,45;55,75;48,74;0,00
43,42;-0,75;0,68;-1,45;55,75;48,74;0,00
43,44;-0,75;0,68;-1,45;55,75;48,74;0,00
43,46;-0,75;0,68;-1,45;55,75;48,74;0,00
43,46;0,34;1,05;0,72;55,75;48,74;0,00
43,46;0,34;1,05;0,72;55,75;48,74;0,00
43,48;0,34;1,05;0,72;55,75;48,74;0,00
43,50;0,34;1,05;0,72;55,75;48,74;0,00
43,52;0,34;1,05;0,72;55,75;48,74;0,00
43,52;0,34;1,05;0,72;55,75;48,74;0,00
43,52;1,08;1,11;2,68;55,75;48,74;0,00
43,54;1,08;1,11;2,68;55,75;48,74;0,00
43,56;1,08;1,11;2,68;55,75;48,74;0,00
43,58;1,08;1,11;2,68;55,75;48,74;0,00
43,60;1,08;1,11;2,68;55,75;48,74;0,00
43,60;1,68;0,47;3,08;55,75;48,74;0,00
43,60;1,68;0,47;3,08;55,75;48,74;0,00
43,62;1,68;0,47;3,08;55,75;48,74;0,00
43,64;1,68;0,47;3,08;55,75;48,74;0,00
43,66;1,68;0,47;3,08;55,75;48,74;0,00
43,66;1,68;0,47;3,08;55,75;48,74;0,00
43,66;-0,23;0,52;1,31;55,75;48,74;0,00
43,68;-0,23;0,52;1,31;55,75;48,74;0,00
43,70;-0,23;0,52;1,31;55,75;48,74;0,00
43,72;-0,23;0,52;1,31;55,75;48,74;0,00
43,74;-0,23;0,52;1,31;55,75;48,74;0,00
43,74;-0,23;0,52;1,31;55,75;48,74;0,00
43,74;-2,00;-0,74;1,00;55,75;48,74;0,00
43,76;-2,00;-0,74;1,00;55,75;48,74;0,00
43,78;-2,00;-0,74;1,00;55,75;48,74;0,00
43,79;-2,00;-0,74;1,00;55,75;48,74;0,00
43,80;-0,26;-1,06;2,21;55,75;48,74;0,00
43,80;-0,26;-1,06;2,21;55,75;48,74;0,00
43,81;-0,26;-1,06;2,21;55,75;48,74;0,00
43,83;-0,26;-1,06;2,21;55,75;48,74;0,00
43,85;-0,26;-1,06;2,21;55,75;48,74;0,00
43,86;0,92;-2,00;-0,10;55,75;48,74;0,00
43,86;0,92;-2,00;-0,10;55,75;48,74;0,00
43,87;0,92;-2,00;-0,10;55,75;48,74;0,00
43,89;0,92;-2,00;-0,10;55,75;48,74;0,00
43,91;0,92;-2,00;-0,10;55,75;48,74;0,00
43,93;0,92;-2,00;-0,10;55,75;48,74;0,00
43,93;0,92;-2,00;-0,10;55,75;48,74;0,00
43,93;-0,31;-1,75;-4,02;55,75;48,74;0,00
43,96;-0,31;-1,75;-4,02;55,75;48,74;0,00
43,97;-0,31;-1,75;-4,02;55,75;48,74;0,00
43,99;-0,31;-1,75;-4,02;55,75;48,74;0,21
43,99;-0,31;-1,75;-4,02;55,75;48,74;0,21
43,99;0,14;-1,51;-2,03;55,75;48,74;0,21
44,01;0,14;-1,51;-2,03;55,75;48,74;0,21
44,03;0,14;-1,51;-2,03;55,75;48,74;0,21
44,05;0,14;-1,51;-2,03;55,75;48,74;0,21
44,07;0,14;-1,51;-2,03;55,75;48,74;0,21
44,07;0,14;-1,51;-2,03;55,75;48,74;0,21
44,07;1,15;-0,39;-1,27;55,75;48,74;0,21
44,09;1,15;-0,39;-1,27;55,75;48,74;0,21
44,11;1,15;-0,39;-1,27;55,75;48,74;0,21
44,13;1,15;-0,39;-1,27;55,75;48,74;0,21
44,13;1,15;-0,39;-1,27;55,75;48,74;0,21
44,13;3,09;1,21;1,15;55,75;48,74;0,21
44,15;3,09;1,21;1,15;55,75;48,74;0,21
44,17;3,09;1,21;1,15;55,75;48,74;0,21
44,19;3,09;1,21;1,15;55,75;48,74;0,21
44,19;3,09;1,21;1,15;55,75;48,74;0,21
44,19;1,95;0,81;4,23;55,75;48,74;0,21
44,21;1,95;0,81;4,23;55,75;48,74;0,21
44,23;1,95;0,81;4,23;55,75;48,74;0,21
44,25;1,95;0,81;4,23;55,75;48,74;0,21
44,27;1,95;0,81;4,23;55,75;48,74;0,21
44,27;1,41;-0,09;0,59;55,75;48,74;0,21
44,27;1,41;-0,09;0,59;55,75;48,74;0,21
44,29;1,41;-0,09;0,59;55,75;48,74;0,21
44,31;1,41;-0,09;0,59;55,75;48,74;0,21
44,33;1,41;-0,09;0,59;55,75;48,74;0,21
44,33;1,41;-0,09;0,59;55,75;48,74;0,21
44,33;0,89;-1,00;-1,36;55,75;48,74;0,21
44,35;0,89;-1,00;-1,36;55,75;48,74;0,21
44,36;0,89;-1,00;-1,36;55,75;48,74;0,21
44,38;0,89;-1,00;-1,36;55,75;48,74;0,21
44,40;0,89;-1,00;-1,36;55,75;48,74;0,21
44,41;0,89;-1,00;-1,36;55,75;48,74;0,21
44,41;-1,21;-1,25;-2,30;55,75;48,74;0,21
44,42;-1,21;-1,25;-2,30;55,75;48,74;0,21
44,44;-1,21;-1,25;-2,30;55,75;48,74;0,21
44,46;-1,21;-1,25;-2,30;55,75;48,74;0,21
44,46;-1,09;-0,93;-2,54;55,75;48,74;0,21
44,47;-1,09;-0,93;-2,54;55,75;48,74;0,21
44,48;-1,09;-0,93;-2,54;55,75;48,74;0,21
44,50;-1,09;-0,93;-2,54;55,75;48,74;0,21
44,52;-1,09;-0,93;-2,54;55,75;48,74;0,21
44,52;-1,09;-0,93;-2,54;55,75;48,74;0,21
44,53;-0,69;0,14;-1,82;55,75;48,74;0,21
44,54;-0,69;0,14;-1,82;55,75;48,74;0,21
44,56;-0,69;0,14;-1,82;55,75;48,74;0,21
44,58;-0,69;0,14;-1,82;55,75;48,74;0,21
44,60;-0,69;0,14;-1,82;55,75;48,74;0,21
44,60;-0,69;0,14;-1,82;55,75;48,74;0,21
44,60;0,03;1,77;0,63;55,75;48,74;0,21
44,62;0,03;1,77;0,63;55,75;48,74;0,21
44,64;0,03;1,77;0,63;55,75;48,74;0,21
44,66;0,03;1,77;0,63;55,75;48,74;0,21
44,66;0,22;3,04;2,89;55,75;48,74;0,21
44,66;0,22;3,04;2,89;55,75;48,74;0,21
44,68;0,22;3,04;2,89;55,75;48,74;0,21
44,70;0,22;3,04;2,89;55,75;48,74;0,21
44,72;0,22;3,04;2,89;55,75;48,74;0,21
44,72;0,22;3,04;2,89;55,75;48,74;0,21
44,72;0,40;0,65;6,93;55,75;48,74;0,21
44,74;0,40;0,65;6,93;55,75;48,74;0,21
44,76;0,40;0,65;6,93;55,75;48,74;0,21
44,78;0,40;0,65;6,93;55,75;48,74;0,21
44,80;0,40;0,65;6,93;55,75;48,74;0,21
44,80;0,40;0,65;6,93;55,75;48,74;0,21
44,80;-1,72;-1,25;0,92;55,75;48,74;0,21
44,82;-1,72;-1,25;0,92;55,75;48,74;0,21
44,84;-1,72;-1,25;0,92;55,75;48,74;0,21
44,86;-1,72;-1,25;0,92;55,75;48,74;0,21
44,86;-0,85;-1,51;-1,29;55,75;48,74;0,21
44,86;-0,85;-1,51;-1,29;55,75;48,74;0,21
44,88;-0,85;-1,51;-1,29;55,75;48,74;0,21
44,90;-0,85;-1,51;-1,29;55,75;48,74;0,21
44,92;-0,85;-1,51;-1,29;55,75;48,74;0,21
44,94;-0,85;-1,51;-1,29;55,75;48,74;0,21
44,94;-0,65;-2,20;-2,93;55,75;48,74;0,21
44,94;-0,65;-2,20;-2,93;55,75;48,74;0,21
44,96;-0,65;-2,20;-2,93;55,75;48,74;0,21
44,97;-0,65;-2,20;-2,93;55,75;48,74;0,21
45,00;-0,65;-2,20;-2,93;55,75;48,74;0,21
45,00;-0,37;-1,76;-3,82;55,75;48,74;0,21
45,00;-0,37;-1,76;-3,82;55,75;48,74;0,21
45,01;-0,37;-1,76;-3,82;55,75;48,74;0,21
45,03;-0,37;-1,76;-3,82;55,75;48,74;0,21
45,05;-0,37;-1,76;-3,82;55,75;48,74;0,21
45,05;-0,99;-0,40;-2,23;55,75;48,74;0,21
45,06;-0,99;-0,40;-2,23;55,75;48,74;0,21
45,07;-0,99;-0,40;-2,23;55,75;48,74;0,21
45,09;-0,99;-0,40;-2,23;55,75;48,74;0,21
45,11;-0,99;-0,40;-2,23;55,75;48,74;0,21
45,13;-0,99;-0,40;-2,23;55,75;48,74;0,21
45,13;-0,99;-0,40;-2,23;55,75;48,74;0,21
45,13;0,49;0,97;1,24;55,75;48,74;0,21
45,15;0,49;0,97;1,24;55,75;48,74;0,21
45,17;0,49;0,97;1,24;55,75;48,74;0,21
45,19;0,49;0,97;1,24;55,75;48,74;0,21
45,19;0,49;0,97;1,24;55,75;48,74;0,21
45,20;1,95;1,72;1,91;55,75;48,74;0,21
45,21;1,95;1,72;1,91;55,75;48,74;0,21
45,23;1,95;1,72;1,91;55,75;48,74;0,21
45,25;1,95;1,72;1,91;55,75;48,74;0,21
45,27;2,90;2,74;1,54;55,75;48,74;0,21
45,27;2,90;2,74;1,54;55,75;48,74;0,21
45,27;2,90;2,74;1,54;55,75;48,74;0,21
45,29;2,90;2,74;1,54;55,75;48,74;0,21
45,31;2,90;2,74;1,54;55,75;48,74;0,21
45,33;2,90;2,74;1,54;55,75;48,74;0,21
45,33;2,90;2,74;1,54;55,75;48,74;0,21
45,33;2,10;-1,21;3,82;55,75;48,74;0,21
45,35;2,10;-1,21;3,82;55,75;48,74;0,21
45,37;2,10;-1,21;3,82;55,75;48,74;0,21
45,39;2,10;-1,21;3,82;55,75;48,74;0,21
45,39;2,10;-1,21;3,82;55,75;48,74;0,21
45,39;0,90;-3,26;0,11;55,75;48,74;0,21
45,41;0,90;-3,26;0,11;55,75;48,74;0,21
45,43;0,90;-3,26;0,11;55,75;48,74;0,21
45,45;0,90;-3,26;0,11;55,75;48,74;0,21
45,47;0,90;-3,26;0,11;55,75;48,74;0,21
45,47;0,90;-3,26;0,11;55,75;48,74;0,21
45,47;0,93;-2,00;-2,51;55,75;48,74;0,21
45,49;0,93;-2,00;-2,51;55,75;48,74;0,21
45,51;0,93;-2,00;-2,51;55,75;48,74;0,21
45,53;0,93;-2,00;-2,51;55,75;48,74;0,21
45,53;0,93;-2,00;-2,51;55,75;48,74;0,21
45,53;-1,39;-1,55;-4,12;55,75;48,74;0,21
45,55;-1,39;-1,55;-4,12;55,75;48,74;0,21
45,56;-1,39;-1,55;-4,12;55,75;48,74;0,21
45,58;-1,39;-1,55;-4,12;55,75;48,74;0,21
45,60;-1,39;-1,55;-4,12;55,75;48,74;0,21
45,61;-1,44;-0,50;-2,92;55,75;48,74;0,21
45,61;-1,44;-0,50;-2,92;55,75;48,74;0,21
45,62;-1,44;-0,50;-2,92;55,75;48,74;0,21
45,64;-1,44;-0,50;-2,92;55,75;48,74;0,21
45,66;-1,44;-0,50;-2,92;55,75;48,74;0,21
45,66;-0,82;0,93;-0,51;55,75;48,74;0,21
45,67;-0,82;0,93;-0,51;55,75;48,74;0,21
45,68;-0,82;0,93;-0,51;55,75;48,74;0,21
45,70;-0,82;0,93;-0,51;55,75;48,74;0,21
45,72;-0,82;0,93;-0,51;55,75;48,74;0,21
45,72;-0,42;2,32;1,61;55,75;48,74;0,21
45,73;-0,42;2,32;1,61;55,75;48,74;0,21
45,74;-0,42;2,32;1,61;55,75;48,74;0,21
45,76;-0,42;2,32;1,61;55,75;48,74;0,21
45,78;-0,42;2,32;1,61;55,75;48,74;0,21
45,80;-0,42;2,32;1,61;55,75;48,74;0,21
45,80;-0,42;2,32;1,61;55,75;48,74;0,21
45,80;0,05;2,62;2,73;55,75;48,74;0,21
45,82;0,05;2,62;2,73;55,75;48,74;0,21
45,84;0,05;2,62;2,73;55,75;48,74;0,21
45,86;0,05;2,62;2,73;55,75;48,74;0,21
45,86;0,05;2,62;2,73;55,75;48,74;0,21
45,86;-0,50;1,72;5,02;55,75;48,74;0,21
45,88;-0,50;1,72;5,02;55,75;48,74;0,21
45,90;-0,50;1,72;5,02;55,75;48,74;0,21
45,92;-0,50;1,72;5,02;55,75;48,74;0,21
45,92;-1,82;-1,24;3,23;55,75;48,74;0,21
45,92;-1,82;-1,24;3,23;55,75;48,74;0,21
45,94;-1,82;-1,24;3,23;55,75;48,74;0,21
45,96;-1,82;-1,24;3,23;55,75;48,74;0,21
45,98;-1,82;-1,24;3,23;55,75;48,74;0,21
46,00;-1,82;-1,24;3,23;55,75;48,74;0,90
46,00;-1,82;-1,24;3,23;55,75;48,74;0,90
46,00;-0,43;-1,87;-0,71;55,75;48,74;0,90
46,02;-0,43;-1,87;-0,71;55,75;48,74;0,90
46,04;-0,43;-1,87;-0,71;55,75;48,74;0,90
46,06;-0,43;-1,87;-0,71;55,75;48,74;0,90
46,06;-0,87;-2,38;-2,23;55,75;48,74;0,90
46,06;-0,87;-2,38;-2,23;55,75;48,74;0,90
46,08;-0,87;-2,38;-2,23;55,75;48,74;0,90
46,10;-0,87;-2,38;-2,23;55,75;48,74;0,90
46,12;-0,87;-2,38;-2,23;55,75;48,74;0,90
46,14;-0,87;-2,38;-2,23;55,75;48,74;0,90
46,14;-0,88;-0,52;-4,48;55,75;48,74;0,90
46,14;-0,88;-0,52;-4,48;55,75;48,74;0,90
46,15;-0,88;-0,52;-4,48;55,75;48,74;0,90
46,17;-0,88;-0,52;-4,48;55,75;48,74;0,90
46,19;-0,88;-0,52;-4,48;55,75;48,74;0,90
46,20;-0,19;-0,09;-3,31;55,75;48,74;0,90
46,20;-0,19;-0,09;-3,31;55,75;48,74;0,90
46,21;-0,19;-0,09;-3,31;55,75;48,74;0,90
46,23;-0,19;-0,09;-3,31;55,75;48,74;0,90
46,25;-0,19;-0,09;-3,31;55,75;48,74;0,90
46,25;-0,19;-0,09;-3,31;55,75;48,74;0,90
46,26;-1,22;-0,12;1,13;55,75;48,74;0,90
46,27;-1,22;-0,12;1,13;55,75;48,74;0,90
46,29;-1,22;-0,12;1,13;55,75;48,74;0,90
46,31;-1,22;-0,12;1,13;55,75;48,74;0,90
46,33;-1,22;-0,12;1,13;55,75;48,74;0,90
46,33;-1,22;-0,12;1,13;55,75;48,74;0,90
46,33;1,23;1,63;0,80;55,75;48,74;0,90
46,35;1,23;1,63;0,80;55,75;48,74;0,90
46,37;1,23;1,63;0,80;55,75;48,74;0,90
46,39;1,23;1,63;0,80;55,75;48,74;0,90
46,39;2,53;1,01;3,07;55,75;48,74;0,90
46,39;2,53;1,01;3,07;55,75;48,74;0,90
46,41;2,53;1,01;3,07;55,75;48,74;0,90
46,43;2,53;1,01;3,07;55,75;48,74;0,90
46,45;2,53;1,01;3,07;55,75;48,74;0,90
46,47;2,53;1,01;3,07;55,75;48,74;0,90
46,47;2,53;1,01;3,07;55,75;48,74;0,90
46,47;2,27;-1,41;5,49;55,75;48,74;0,90
46,49;2,27;-1,41;5,49;55,75;48,74;0,90
46,51;2,27;-1,41;5,49;55,75;48,74;0,90
46,53;2,27;-1,41;5,49;55,75;48,74;0,90
46,53;2,03;-1,21;-1,94;55,75;48,74;0,90
46,53;2,03;-1,21;-1,94;55,75;48,74;0,90
46,55;2,03;-1,21;-1,94;55,75;48,74;0,90
46,57;2,03;-1,21;-1,94;55,75;48,74;0,90
46,59;2,03;-1,21;-1,94;55,75;48,74;0,90
46,59;-0,28;-1,81;-2,72;55,75;48,74;0,90
46,59;-0,28;-1,81;-2,72;55,75;48,74;0,90
46,61;-0,28;-1,81;-2,72;55,75;48,74;0,90
46,63;-0,28;-1,81;-2,72;55,75;48,74;0,90
46,65;-0,28;-1,81;-2,72;55,75;48,74;0,90
46,67;-0,28;-1,81;-2,72;55,75;48,74;0,90
46,67;-0,28;-1,81;-2,72;55,75;48,74;0,90
46,67;-1,98;-1,69;-2,32;55,75;48,74;0,90
46,69;-1,98;-1,69;-2,32;55,75;48,74;0,90
46,70;-1,98;-1,69;-2,32;55,75;48,74;0,90
46,72;-1,98;-1,69;-2,32;55,75;48,74;0,90
46,72;-1,98;-1,69;-2,32;55,75;48,74;0,90
46,73;-0,18;-1,74;-3,87;55,75;48,74;0,90
46,74;-0,18;-1,74;-3,87;55,75;48,74;0,90
46,76;-0,18;-1,74;-3,87;55,75;48,74;0,90
46,78;-0,18;-1,74;-3,87;55,75;48,74;0,90
46,80;-0,18;-1,74;-3,87;55,75;48,74;0,90
46,81;0,91;0,24;2,15;55,75;48,74;0,90
46,81;0,91;0,24;2,15;55,75;48,74;0,90
46,82;0,91;0,24;2,15;55,75;48,74;0,90
46,84;0,91;0,24;2,15;55,75;48,74;0,90
46,86;0,91;0,24;2,15;55,75;48,74;0,90
46,86;0,91;0,24;2,15;55,75;48,74;0,90
46,87;0,12;3,15;2,22;55,75;48,74;0,90
46,88;0,12;3,15;2,22;55,75;48,74;0,90
46,90;0,12;3,15;2,22;55,75;48,74;0,90
46,92;0,12;3,15;2,22;55,75;48,74;0,90
46,92;0,12;3,15;2,22;55,75;48,74;0,90
46,93;-1,80;2,09;4,18;55,75;48,74;0,90
46,94;-1,80;2,09;4,18;55,75;48,74;0,90
46,96;-1,80;2,09;4,18;55,75;48,74;0,90
46,98;-1,80;2,09;4,18;55,75;48,74;0,90
47,00;-1,80;2,09;4,18;55,75;48,74;0,81
47,00;-2,38;0,59;1,51;55,75;48,74;0,81
47,00;-2,38;0,59;1,51;55,75;48,74;0,81
47,02;-2,38;0,59;1,51;55,75;48,74;0,81
47,04;-2,38;0,59;1,51;55,75;48,74;0,81
47,06;-2,38;0,59;1,51;55,75;48,74;0,81
47,06;-2,25;-0,79;-0,99;55,75;48,74;0,81
47,06;-2,25;-0,79;-0,99;55,75;48,74;0,81
47,08;-2,25;-0,79;-0,99;55,75;48,74;0,81
47,10;-2,25;-0,79;-0,99;55,75;48,74;0,81
47,12;-2,25;-0,79;-0,99;55,75;48,74;0,81
47,12;-2,25;-0,79;-0,99;55,75;48,74;0,81
47,12;-0,26;-1,39;-0,58;55,75;48,74;0,81
47,14;-0,26;-1,39;-0,58;55,75;48,74;0,81
47,16;-0,26;-1,39;-0,58;55,75;48,74;0,81
47,18;-0,26;-1,39;-0,58;55,75;48,74;0,81
47,20;-0,26;-1,39;-0,58;55,75;48,74;0,81
47,20;-0,26;-1,39;-0,58;55,75;48,74;0,81
47,20;0,08;-1,00;-2,47;55,75;48,74;0,81
47,22;0,08;-1,00;-2,47;55,75;48,74;0,81
47,24;0,08;-1,00;-2,47;55,75;48,74;0,81
47,26;0,08;-1,00;-2,47;55,75;48,74;0,81
47,26;-1,12;-1,00;-3,58;55,75;48,74;0,81
47,26;-1,12;-1,00;-3,58;55,75;48,74;0,81
47,28;-1,12;-1,00;-3,58;55,75;48,74;0,81
47,30;-1,12;-1,00;-3,58;55,75;48,74;0,81
47,32;-1,12;-1,00;-3,58;55,75;48,74;0,81
47,34;-1,12;-1,00;-3,58;55,75;48,74;0,81
47,34;-1,12;-1,00;-3,58;55,75;48,74;0,81
47,34;-1,47;-0,18;-1,24;55,75;48,74;0,81
47,36;-1,47;-0,18;-1,24;55,75;48,74;0,81
47,37;-1,47;-0,18;-1,24;55,75;48,74;0,81
47,39;-1,47;-0,18;-1,24;55,75;48,74;0,81
47,40;-1,47;-0,18;-1,24;55,75;48,74;0,81
47,40;1,18;1,87;1,16;55,75;48,74;0,81
47,41;1,18;1,87;1,16;55,75;48,74;0,81
47,43;1,18;1,87;1,16;55,75;48,74;0,81
47,45;1,18;1,87;1,16;55,75;48,74;0,81
47,45;3,53;2,96;3,55;55,75;48,74;0,81
47,46;3,53;2,96;3,55;55,75;48,74;0,81
47,47;3,53;2,96;3,55;55,75;48,74;0,81
47,49;3,53;2,96;3,55;55,75;48,74;0,81
47,51;3,53;2,96;3,55;55,75;48,74;0,81
47,53;3,53;2,96;3,55;55,75;48,74;0,81
47,53;2,33;0,52;3,59;55,75;48,74;0,81
47,53;2,33;0,52;3,59;55,75;48,74;0,81
47,55;2,33;0,52;3,59;55,75;48,74;0,81
47,57;2,33;0,52;3,59;55,75;48,74;0,81
47,59;2,33;0,52;3,59;55,75;48,74;0,81
47,59;2,33;0,52;3,59;55,75;48,74;0,81
47,59;-0,01;-3,21;1,80;55,75;48,74;0,81
47,61;-0,01;-3,21;1,80;55,75;48,74;0,81
47,63;-0,01;-3,21;1,80;55,75;48,74;0,81
47,65;-0,01;-3,21;1,80;55,75;48,74;0,81
47,67;-0,01;-3,21;1,80;55,75;48,74;0,81
47,67;-0,01;-3,21;1,80;55,75;48,74;0,81
47,67;1,68;-2,38;-0,57;55,75;48,74;0,81
47,69;1,68;-2,38;-0,57;55,75;48,74;0,81
47,71;1,68;-2,38;-0,57;55,75;48,74;0,81
47,73;1,68;-2,38;-0,57;55,75;48,74;0,81
47,73;1,68;-2,38;-0,57;55,75;48,74;0,81
47,73;-0,68;-1,54;-3,18;55,75;48,74;0,81
47,75;-0,68;-1,54;-3,18;55,75;48,74;0,81
47,77;-0,68;-1,54;-3,18;55,75;48,74;0,81
47,79;-0,68;-1,54;-3,18;55,75;48,74;0,81
47,79;-0,68;-1,54;-3,18;55,75;48,74;0,81
47,79;-1,54;-0,73;-4,96;55,75;48,74;0,81
47,81;-1,54;-0,73;-4,96;55,75;48,74;0,81
47,83;-1,54;-0,73;-4,96;55,75;48,74;0,81
47,85;-1,54;-0,73;-4,96;55,75;48,74;0,81
47,87;-1,54;-0,73;-4,96;55,75;48,74;0,81
47,87;-0,89;0,30;-2,88;55,75;48,74;0,81
47,87;-0,89;0,30;-2,88;55,75;48,74;0,81
47,89;-0,89;0,30;-2,88;55,75;48,74;0,81
47,91;-0,89;0,30;-2,88;55,75;48,74;0,81
47,93;-0,89;0,30;-2,88;55,75;48,74;0,81
47,93;-0,19;1,77;-0,65;55,75;48,74;0,81
47,93;-0,19;1,77;-0,65;55,75;48,74;0,81
47,95;-0,19;1,77;-0,65;55,75;48,74;0,81
47,96;-0,19;1,77;-0,65;55,75;48,74;0,81
47,98;-0,19;1,77;-0,65;55,75;48,74;0,96
48,00;-0,19;1,77;-0,65;55,75;48,74;0,96
48,01;0,12;2,23;4,19;55,75;48,74;0,96
48,01;0,12;2,23;4,19;55,75;48,74;0,96
48,02;0,12;2,23;4,19;55,75;48,74;0,96
48,04;0,12;2,23;4,19;55,75;48,74;0,96
48,06;0,12;2,23;4,19;55,75;48,74;0,96
48,06;0,12;2,23;4,19;55,75;48,74;0,96
48,06;-0,82;1,45;6,58;55,75;48,74;0,96
48,08;-0,82;1,45;6,58;55,75;48,74;0,96
48,10;-0,82;1,45;6,58;55,75;48,74;0,96
48,12;-1,36;-1,05;3,77;55,75;48,74;0,96
48,12;-1,36;-1,05;3,77;55,75;48,74;0,96
48,13;-1,36;-1,05;3,77;55,75;48,74;0,96
48,14;-1,36;-1,05;3,77;55,75;48,74;0,96
48,16;-1,36;-1,05;3,77;55,75;48,74;0,96
48,18;-1,36;-1,05;3,77;55,75;48,74;0,96
48,20;-1,36;-1,05;3,77;55,75;48,74;0,96
48,20;-1,42;-0,99;-0,78;55,75;48,74;0,96
48,20;-1,42;-0,99;-0,78;55,75;48,74;0,96
48,22;-1,42;-0,99;-0,78;55,75;48,74;0,96
48,24;-1,42;-0,99;-0,78;55,75;48,74;0,96
48,26;-1,42;-0,99;-0,78;55,75;48,74;0,96
48,26;0,18;-1,72;-0,93;55,75;48,74;0,96
48,26;0,18;-1,72;-0,93;55,75;48,74;0,96
48,28;0,18;-1,72;-0,93;55,75;48,74;0,96
48,30;0,18;-1,72;-0,93;55,75;48,74;0,96
48,32;0,18;-1,72;-0,93;55,75;48,74;0,96
48,34;0,18;-1,72;-0,93;55,75;48,74;0,96
48,34;-0,30;-1,66;-4,18;55,75;48,74;0,96
48,34;-0,30;-1,66;-4,18;55,75;48,74;0,96
48,36;-0,30;-1,66;-4,18;55,75;48,74;0,96
48,38;-0,30;-1,66;-4,18;55,75;48,74;0,96
48,40;-0,30;-1,66;-4,18;55,75;48,74;0,96
48,40;-0,23;-0,52;-4,97;55,75;48,74;0,96
48,40;-0,23;-0,52;-4,97;55,75;48,74;0,96
48,42;-0,23;-0,52;-4,97;55,75;48,74;0,96
48,44;-0,23;-0,52;-4,97;55,75;48,74;0,96
48,46;-0,23;-0,52;-4,97;55,75;48,74;0,96
48,46;-0,23;-0,52;-4,97;55,75;48,74;0,96
48,46;-0,39;0,27;-1,10;55,75;48,74;0,96
48,48;-0,39;0,27;-1,10;55,75;48,74;0,96
48,50;-0,39;0,27;-1,10;55,75;48,74;0,96
48,52;-0,39;0,27;-1,10;55,75;48,74;0,96
48,54;-0,39;0,27;-1,10;55,75;48,74;0,96
48,54;-0,39;0,27;-1,10;55,75;48,74;0,96
48,54;0,97;0,63;2,75;55,75;48,74;0,96
48,55;0,97;0,63;2,75;55,75;48,74;0,96
48,57;0,97;0,63;2,75;55,75;48,74;0,96
48,59;0,97;0,63;2,75;55,75;48,74;0,96
48,59;2,27;1,42;3,62;55,75;48,74;0,96
48,59;2,27;1,42;3,62;55,75;48,74;0,96
48,61;2,27;1,42;3,62;55,75;48,74;0,96
48,63;2,27;1,42;3,62;55,75;48,74;0,96
48,65;2,27;1,42;3,62;55,75;48,74;0,96
48,65;2,21;-0,38;2,67;55,75;48,74;0,96
48,65;2,21;-0,38;2,67;55,75;48,74;0,96
48,67;2,21;-0,38;2,67;55,75;48,74;0,96
48,69;2,21;-0,38;2,67;55,75;48,74;0,96
48,71;2,21;-0,38;2,67;55,75;48,74;0,96
48,73;2,21;-0,38;2,67;55,75;48,74;0,96
48,73;2,21;-0,38;2,67;55,75;48,74;0,96
48,73;2,30;-2,21;2,03;55,75;48,74;0,96
48,75;2,30;-2,21;2,03;55,75;48,74;0,96
48,77;2,30;-2,21;2,03;55,75;48,74;0,96
48,79;0,87;-1,24;-2,34;55,75;48,74;0,96
48,79;0,87;-1,24;-2,34;55,75;48,74;0,96
48,79;0,87;-1,24;-2,34;55,75;48,74;0,96
48,81;0,87;-1,24;-2,34;55,75;48,74;0,96
48,83;0,87;-1,24;-2,34;55,75;48,74;0,96
48,85;0,87;-1,24;-2,34;55,75;48,74;0,96
48,87;0,87;-1,24;-2,34;55,75;48,74;0,96
48,87;-2,27;-1,29;-4,26;55,75;48,74;0,96
48,87;-2,27;-1,29;-4,26;55,75;48,74;0,96
48,89;-2,27;-1,29;-4,26;55,75;48,74;0,96
48,91;-2,27;-1,29;-4,26;55,75;48,74;0,96
48,93;-2,27;-1,29;-4,26;55,75;48,74;0,96
48,93;-2,27;-1,29;-4,26;55,75;48,74;0,96
48,93;-1,64;-0,62;-4,25;55,75;48,74;0,96
48,95;-1,64;-0,62;-4,25;55,75;48,74;0,96
48,97;-1,64;-0,62;-4,25;55,75;48,74;0,96
48,99;-1,64;-0,62;-4,25;55,75;48,74;1,32
48,99;-1,64;-0,62;-4,25;55,75;48,74;1,32
48,99;-1,11;0,52;-2,22;55,75;48,74;1,32
49,01;-1,11;0,52;-2,22;55,75;48,74;1,32
49,03;-1,11;0,52;-2,22;55,75;48,74;1,32
49,05;-1,11;0,52;-2,22;55,75;48,74;1,32
49,07;-1,11;0,52;-2,22;55,75;48,74;1,32
49,07;-1,11;0,52;-2,22;55,75;48,74;1,32
49,07;-0,54;1,79;3,65;55,75;48,74;1,32
49,09;-0,54;1,79;3,65;55,75;48,74;1,32
49,10;-0,54;1,79;3,65;55,75;48,74;1,32
49,12;-0,54;1,79;3,65;55,75;48,74;1,32
49,13;0,40;2,73;4,60;55,75;48,74;1,32
49,13;0,40;2,73;4,60;55,75;48,74;1,32
49,14;0,40;2,73;4,60;55,75;48,74;1,32
49,16;0,40;2,73;4,60;55,75;48,74;1,32
49,18;0,40;2,73;4,60;55,75;48,74;1,32
49,20;-0,86;1,20;3,18;55,75;48,74;1,32
49,21;-0,86;1,20;3,18;55,75;48,74;1,32
49,21;-0,86;1,20;3,18;55,75;48,74;1,32
49,22;-0,86;1,20;3,18;55,75;48,74;1,32
49,24;-0,86;1,20;3,18;55,75;48,74;1,32
49,26;-0,86;1,20;3,18;55,75;48,74;1,32
49,26;-0,86;1,20;3,18;55,75;48,74;1,32
49,27;-2,64;-1,29;2,18;55,75;48,74;1,32
49,28;-2,64;-1,29;2,18;55,75;48,74;1,32
49,30;-2,64;-1,29;2,18;55,75;48,74;1,32
49,32;-2,64;-1,29;2,18;55,75;48,74;1,32
49,32;0,03;-1,97;0,60;55,75;48,74;1,32
49,32;0,03;-1,97;0,60;55,75;48,74;1,32
49,34;0,03;-1,97;0,60;55,75;48,74;1,32
49,36;0,03;-1,97;0,60;55,75;48,74;1,32
49,38;0,03;-1,97;0,60;55,75;48,74;1,32
49,40;0,03;-1,97;0,60;55,75;48,74;1,32
49,40;0,28;-2,28;-2,53;55,75;48,74;1,32
49,40;0,28;-2,28;-2,53;55,75;48,74;1,32
49,42;0,28;-2,28;-2,53;55,75;48,74;1,32
49,44;0,28;-2,28;-2,53;55,75;48,74;1,32
49,46;0,02;-1,60;-5,04;55,75;48,74;1,32
49,46;0,02;-1,60;-5,04;55,75;48,74;1,32
49,46;0,02;-1,60;-5,04;55,75;48,74;1,32
49,48;0,02;-1,60;-5,04;55,75;48,74;1,32
49,50;0,02;-1,60;-5,04;55,75;48,74;1,32
49,52;0,02;-1,60;-5,04;55,75;48,74;1,32
49,54;0,02;-1,60;-5,04;55,75;48,74;1,32
49,54;0,50;-0,38;-2,93;55,75;48,74;1,32
49,54;0,50;-0,38;-2,93;55,75;48,74;1,32
49,56;0,50;-0,38;-2,93;55,75;48,74;1,32
49,58;0,50;-0,38;-2,93;55,75;48,74;1,32
49,60;0,50;-0,38;-2,93;55,75;48,74;1,32
49,60;0,50;-0,38;-2,93;55,75;48,74;1,32
49,60;0,90;0,55;0,21;55,75;48,74;1,32
49,62;0,90;0,55;0,21;55,75;48,74;1,32
49,64;0,90;0,55;0,21;55,75;48,74;1,32
49,66;0,90;0,55;0,21;55,75;48,74;1,32
49,66;0,90;0,55;0,21;55,75;48,74;1,32
49,66;2,04;1,85;2,36;55,75;48,74;1,32
49,68;2,04;1,85;2,36;55,75;48,74;1,32
49,70;2,04;1,85;2,36;55,75;48,74;1,32
49,72;2,04;1,85;2,36;55,75;48,74;1,32
49,73;2,04;1,85;2,36;55,75;48,74;1,32
49,74;2,04;1,85;2,36;55,75;48,74;1,32
49,74;3,49;1,07;3,93;55,75;48,74;1,32
49,75;3,49;1,07;3,93;55,75;48,74;1,32
49,77;3,49;1,07;3,93;55,75;48,74;1,32
49,79;3,49;1,07;3,93;55,75;48,74;1,32
49,79;1,15;-1,89;3,66;55,75;48,74;1,32
49,80;1,15;-1,89;3,66;55,75;48,74;1,32
49,81;1,15;-1,89;3,66;55,75;48,74;1,32
49,83;1,15;-1,89;3,66;55,75;48,74;1,32
49,85;2,02;-1,61;-1,11;55,75;48,74;1,32
49,85;2,02;-1,61;-1,11;55,75;48,74;1,32
49,86;2,02;-1,61;-1,11;55,75;48,74;1,32
49,87;2,02;-1,61;-1,11;55,75;48,74;1,32
49,89;2,02;-1,61;-1,11;55,75;48,74;1,32
49,91;2,02;-1,61;-1,11;55,75;48,74;1,32
49,93;2,02;-1,61;-1,11;55,75;48,74;1,32
49,93;2,02;-1,61;-1,11;55,75;48,74;1,32
49,93;-0,98;-1,79;-3,28;55,75;48,74;1,32
49,95;-0,98;-1,79;-3,28;55,75;48,74;1,32
49,97;-0,98;-1,79;-3,28;55,75;48,74;1,32
49,99;-0,98;-1,79;-3,28;55,75;48,74;1,32
49,99;-0,98;-1,79;-3,28;55,75;48,74;1,35
49,99;-2,47;-1,37;-4,57;55,75;48,74;1,35
50,01;-2,47;-1,37;-4,57;55,75;48,74;1,35
50,03;-2,47;-1,37;-4,57;55,75;48,74;1,35
50,05;-2,47;-1,37;-4,57;55,75;48,74;1,35
50,07;-2,47;-1,37;-4,57;55,75;48,74;1,35
50,07;-1,51;-0,69;-2,32;55,75;48,74;1,35
50,07;-1,51;-0,69;-2,32;55,75;48,74;1,35
50,09;-1,51;-0,69;-2,32;55,75;48,74;1,35
50,11;-1,51;-0,69;-2,32;55,75;48,74;1,35
50,13;-1,51;-0,69;-2,32;55,75;48,74;1,35
50,13;-2,09;0,92;1,01;55,75;48,74;1,35
50,13;-2,09;0,92;1,01;55,75;48,74;1,35
50,15;-2,09;0,92;1,01;55,75;48,74;1,35
50,17;-2,09;0,92;1,01;55,75;48,74;1,35
50,19;-2,09;0,92;1,01;55,75;48,74;1,35
50,19;-1,80;2,56;2,78;55,75;48,74;1,35
50,19;-1,80;2,56;2,78;55,75;48,74;1,35
50,21;-1,80;2,56;2,78;55,75;48,74;1,35
50,23;-1,80;2,56;2,78;55,75;48,74;1,35
50,25;-1,80;2,56;2,78;55,75;48,74;1,35
50,27;-1,80;2,56;2,78;55,75;48,74;1,35
50,27;-1,48;2,55;4,69;55,75;48,74;1,35
50,27;-1,48;2,55;4,69;55,75;48,74;1,35
50,29;-1,48;2,55;4,69;55,75;48,74;1,35
50,30;-1,48;2,55;4,69;55,75;48,74;1,35
50,32;-1,48;2,55;4,69;55,75;48,74;1,35
50,33;-1,48;2,55;4,69;55,75;48,74;1,35
50,33;1,43;-0,45;4,29;55,75;48,74;1,35
50,34;1,43;-0,45;4,29;55,75;48,74;1,35
50,36;1,43;-0,45;4,29;55,75;48,74;1,35
50,38;1,43;-0,45;4,29;55,75;48,74;1,35
50,40;1,43;-0,45;4,29;55,75;48,74;1,35
50,40;0,16;-0,61;0,18;55,75;48,74;1,35
50,41;0,16;-0,61;0,18;55,75;48,74;1,35
50,42;0,16;-0,61;0,18;55,75;48,74;1,35
50,44;0,16;-0,61;0,18;55,75;48,74;1,35
50,46;0,93;-1,15;-1,38;55,75;48,74;1,35
50,46;0,93;-1,15;-1,38;55,75;48,74;1,35
50,46;0,93;-1,15;-1,38;55,75;48,74;1,35
50,48;0,93;-1,15;-1,38;55,75;48,74;1,35
50,50;0,93;-1,15;-1,38;55,75;48,74;1,35
50,52;0,93;-1,15;-1,38;55,75;48,74;1,35
50,52;0,93;-1,15;-1,38;55,75;48,74;1,35
50,52;-1,22;-2,11;-3,69;55,75;48,74;1,35
50,54;-1,22;-2,11;-3,69;55,75;48,74;1,35
50,56;-1,22;-2,11;-3,69;55,75;48,74;1,35
50,58;-1,22;-2,11;-3,69;55,75;48,74;1,35
50,61;-1,22;-2,11;-3,69;55,75;48,74;1,35
50,61;-1,85;-1,11;-4,73;55,75;48,74;1,35
50,61;-1,85;-1,11;-4,73;55,75;48,74;1,35
50,62;-1,85;-1,11;-4,73;55,75;48,74;1,35
50,64;-1,85;-1,11;-4,73;55,75;48,74;1,35
50,66;-1,85;-1,11;-4,73;55,75;48,74;1,35
50,66;-1,85;-1,11;-4,73;55,75;48,74;1,35
50,66;-1,26;0,03;-1,17;55,75;48,74;1,35
50,68;-1,26;0,03;-1,17;55,75;48,74;1,35
50,70;-1,26;0,03;-1,17;55,75;48,74;1,35
50,72;-1,26;0,03;-1,17;55,75;48,74;1,35
50,74;-1,26;0,03;-1,17;55,75;48,74;1,35
50,74;0,90;1,29;1,70;55,75;48,74;1,35
50,74;0,90;1,29;1,70;55,75;48,74;1,35
50,76;0,90;1,29;1,70;55,75;48,74;1,35
50,78;0,90;1,29;1,70;55,75;48,74;1,35
50,80;0,90;1,29;1,70;55,75;48,74;1,35
50,80;2,91;1,05;3,77;55,75;48,74;1,35
50,80;2,91;1,05;3,77;55,75;48,74;1,35
50,82;2,91;1,05;3,77;55,75;48,74;1,35
50,84;2,91;1,05;3,77;55,75;48,74;1,35
50,86;2,91;1,05;3,77;55,75;48,74;1,35
50,86;2,91;1,05;3,77;55,75;48,74;1,35
50,86;3,25;0,84;2,23;55,75;48,74;1,35
50,88;3,25;0,84;2,23;55,75;48,74;1,35
50,89;3,25;0,84;2,23;55,75;48,74;1,35
50,92;3,25;0,84;2,23;55,75;48,74;1,35
50,93;3,25;0,84;2,23;55,75;48,74;1,35
50,94;2,71;-1,80;0,36;55,75;48,74;1,35
50,94;2,71;-1,80;0,36;55,75;48,74;1,35
50,95;2,71;-1,80;0,36;55,75;48,74;1,35
50,97;2,71;-1,80;0,36;55,75;48,74;1,35
50,99;2,71;-1,80;0,36;55,75;48,74;1,52
50,99;1,86;-2,59;-0,56;55,75;48,74;1,52
50,99;1,86;-2,59;-0,56;55,75;48,74;1,52
51,01;1,86;-2,59;-0,56;55,75;48,74;1,52
51,03;1,86;-2,59;-0,56;55,75;48,74;1,52
51,05;1,86;-2,59;-0,56;55,75;48,74;1,52
51,05;1,86;-2,59;-0,56;55,75;48,74;1,52
51,06;-1,44;-1,63;-2,87;55,75;48,74;1,52
51,07;-1,44;-1,63;-2,87;55,75;48,74;1,52
51,09;-1,44;-1,63;-2,87;55,75;48,74;1,52
51,11;-1,44;-1,63;-2,87;55,75;48,74;1,52
51,13;-1,44;-1,63;-2,87;55,75;48,74;1,52
51,13;-2,66;-0,50;-3,68;55,75;48,74;1,52
51,14;-2,66;-0,50;-3,68;55,75;48,74;1,52
51,15;-2,66;-0,50;-3,68;55,75;48,74;1,52
51,17;-2,66;-0,50;-3,68;55,75;48,74;1,52
51,19;-2,66;-0,50;-3,68;55,75;48,74;1,52
51,19;-2,09;0,37;-2,44;55,75;48,74;1,52
51,19;-2,09;0,37;-2,44;55,75;48,74;1,52
51,21;-2,09;0,37;-2,44;55,75;48,74;1,52
51,23;-2,09;0,37;-2,44;55,75;48,74;1,52
51,25;-2,09;0,37;-2,44;55,75;48,74;1,52
51,27;-2,09;0,37;-2,44;55,75;48,74;1,52
51,27;-1,53;1,20;0,38;55,75;48,74;1,52
51,27;-1,53;1,20;0,38;55,75;48,74;1,52
51,29;-1,53;1,20;0,38;55,75;48,74;1,52
51,31;-1,53;1,20;0,38;55,75;48,74;1,52
51,33;-1,53;1,20;0,38;55,75;48,74;1,52
51,33;-1,53;1,20;0,38;55,75;48,74;1,52
51,33;-0,30;2,00;3,75;55,75;48,74;1,52
51,35;-0,30;2,00;3,75;55,75;48,74;1,52
51,37;-0,30;2,00;3,75;55,75;48,74;1,52
51,39;-0,30;2,00;3,75;55,75;48,74;1,52
51,39;-0,30;2,00;3,75;55,75;48,74;1,52
51,39;0,07;2,02;5,15;55,75;48,74;1,52
51,41;0,07;2,02;5,15;55,75;48,74;1,52
51,43;0,07;2,02;5,15;55,75;48,74;1,52
51,45;0,07;2,02;5,15;55,75;48,74;1,52
51,47;0,07;2,02;5,15;55,75;48,74;1,52
51,47;0,07;2,02;5,15;55,75;48,74;1,52
51,47;-0,23;-0,52;3,17;55,75;48,74;1,52
51,49;-0,23;-0,52;3,17;55,75;48,74;1,52
51,50;-0,23;-0,52;3,17;55,75;48,74;1,52
51,52;-0,23;-0,52;3,17;55,75;48,74;1,52
51,52;-0,32;-1,07;0,00;55,75;48,74;1,52
51,53;-0,32;-1,07;0,00;55,75;48,74;1,52
51,54;-0,32;-1,07;0,00;55,75;48,74;1,52
51,56;-0,32;-1,07;0,00;55,75;48,74;1,52
51,58;-0,32;-1,07;0,00;55,75;48,74;1,52
51,60;-0,32;-1,07;0,00;55,75;48,74;1,52
51,60;-0,06;-2,15;-0,98;55,75;48,74;1,52
51,60;-0,06;-2,15;-0,98;55,75;48,74;1,52
51,62;-0,06;-2,15;-0,98;55,75;48,74;1,52
51,64;-0,06;-2,15;-0,98;55,75;48,74;1,52
51,66;-0,06;-2,15;-0,98;55,75;48,74;1,52
51,66;-0,85;-1,84;-4,36;55,75;48,74;1,52
51,66;-0,85;-1,84;-4,36;55,75;48,74;1,52
51,68;-0,85;-1,84;-4,36;55,75;48,74;1,52
51,70;-0,85;-1,84;-4,36;55,75;48,74;1,52
51,72;-0,85;-1,84;-4,36;55,75;48,74;1,52
51,72;-0,30;-0,73;-4,15;55,75;48,74;1,52
51,72;-0,30;-0,73;-4,15;55,75;48,74;1,52
51,74;-0,30;-0,73;-4,15;55,75;48,74;1,52
51,76;-0,30;-0,73;-4,15;55,75;48,74;1,52
51,78;-0,30;-0,73;-4,15;55,75;48,74;1,52
51,80;-0,30;-0,73;-4,15;55,75;48,74;1,52
51,80;-0,30;-0,73;-4,15;55,75;48,74;1,52
51,80;-0,10;0,60;-1,09;55,75;48,74;1,52
51,82;-0,10;0,60;-1,09;55,75;48,74;1,52
51,84;-0,10;0,60;-1,09;55,75;48,74;1,52
51,86;-0,10;0,60;-1,09;55,75;48,74;1,52
51,86;-0,10;0,60;-1,09;55,75;48,74;1,52
51,86;1,57;1,77;2,61;55,75;48,74;1,52
51,88;1,57;1,77;2,61;55,75;48,74;1,52
51,90;1,57;1,77;2,61;55,75;48,74;1,52
51,92;1,57;1,77;2,61;55,75;48,74;1,52
51,94;1,57;1,77;2,61;55,75;48,74;1,52
51,94;2,30;2,59;3,02;55,75;48,74;1,52
51,94;2,30;2,59;3,02;55,75;48,74;1,52
51,96;2,30;2,59;3,02;55,75;48,74;1,52
51,98;2,30;2,59;3,02;55,75;48,74;1,52
52,00;2,30;2,59;3,02;55,75;48,74;1,49
52,00;2,30;2,59;3,02;55,75;48,74;1,49
52,00;2,49;-0,85;5,25;55,75;48,74;1,49
52,02;2,49;-0,85;5,25;55,75;48,74;1,49
52,03;2,49;-0,85;5,25;55,75;48,74;1,49
52,05;2,49;-0,85;5,25;55,75;48,74;1,49
52,06;0,07;-2,56;-0,30;55,75;48,74;1,49
52,06;0,07;-2,56;-0,30;55,75;48,74;1,49
52,07;0,07;-2,56;-0,30;55,75;48,74;1,49
52,09;0,07;-2,56;-0,30;55,75;48,74;1,49
52,11;0,07;-2,56;-0,30;55,75;48,74;1,49
52,13;0,07;-2,56;-0,30;55,75;48,74;1,49
52,13;0,79;-2,07;-2,12;55,75;48,74;1,49
52,14;0,79;-2,07;-2,12;55,75;48,74;1,49
52,15;0,79;-2,07;-2,12;55,75;48,74;1,49
52,17;0,79;-2,07;-2,12;55,75;48,74;1,49
52,19;0,79;-2,07;-2,12;55,75;48,74;1,49
52,19;0,79;-2,07;-2,12;55,75;48,74;1,49
52,19;-1,52;-1,60;-3,19;55,75;48,74;1,49
52,21;-1,52;-1,60;-3,19;55,75;48,74;1,49
52,23;-1,52;-1,60;-3,19;55,75;48,74;1,49
52,25;-1,52;-1,60;-3,19;55,75;48,74;1,49
52,25;-0,87;-0,97;-4,84;55,75;48,74;1,49
52,25;-0,87;-0,97;-4,84;55,75;48,74;1,49
52,27;-0,87;-0,97;-4,84;55,75;48,74;1,49
52,29;-0,87;-0,97;-4,84;55,75;48,74;1,49
52,31;-0,87;-0,97;-4,84;55,75;48,74;1,49
52,33;-0,87;-0,97;-4,84;55,75;48,74;1,49
52,33;-0,87;-0,97;-4,84;55,75;48,74;1,49
52,33;-0,96;0,18;-2,62;55,75;48,74;1,49
52,35;-0,96;0,18;-2,62;55,75;48,74;1,49
52,37;-0,96;0,18;-2,62;55,75;48,74;1,49
52,39;-0,96;0,18;-2,62;55,75;48,74;1,49
52,39;0,44;2,20;1,98;55,75;48,74;1,49
52,39;0,44;2,20;1,98;55,75;48,74;1,49
52,41;0,44;2,20;1,98;55,75;48,74;1,49
52,43;0,44;2,20;1,98;55,75;48,74;1,49
52,45;0,44;2,20;1,98;55,75;48,74;1,49
52,47;0,44;2,20;1,98;55,75;48,74;1,49
52,47;0,36;2,36;3,93;55,75;48,74;1,49
52,47;0,36;2,36;3,93;55,75;48,74;1,49
52,49;0,36;2,36;3,93;55,75;48,74;1,49
52,51;0,36;2,36;3,93;55,75;48,74;1,49
52,53;0,36;2,36;3,93;55,75;48,74;1,49
52,53;0,36;2,36;3,93;55,75;48,74;1,49
52,53;-1,09;2,11;2,90;55,75;48,74;1,49
52,55;-1,09;2,11;2,90;55,75;48,74;1,49
52,57;-1,09;2,11;2,90;55,75;48,74;1,49
52,59;-1,09;2,11;2,90;55,75;48,74;1,49
52,59;-1,09;2,11;2,90;55,75;48,74;1,49
52,59;-0,80;-1,24;5,76;55,75;48,74;1,49
52,61;-0,80;-1,24;5,76;55,75;48,74;1,49
52,63;-0,80;-1,24;5,76;55,75;48,74;1,49
52,64;-0,80;-1,24;5,76;55,75;48,74;1,49
52,67;-0,80;-1,24;5,76;55,75;48,74;1,49
52,67;-0,80;-1,24;5,76;55,75;48,74;1,49
52,67;-1,10;-1,52;0,27;55,75;48,74;1,49
52,68;-1,10;-1,52;0,27;55,75;48,74;1,49
52,70;-1,10;-1,52;0,27;55,75;48,74;1,49
52,72;-1,10;-1,52;0,27;55,75;48,74;1,49
52,72;-0,44;-2,11;-1,94;55,75;48,74;1,49
52,72;-0,44;-2,11;-1,94;55,75;48,74;1,49
52,74;-0,44;-2,11;-1,94;55,75;48,74;1,49
52,76;-0,44;-2,11;-1,94;55,75;48,74;1,49
52,78;-0,44;-2,11;-1,94;55,75;48,74;1,49
52,80;-0,44;-2,11;-1,94;55,75;48,74;1,49
52,80;-1,47;-2,07;-4,79;55,75;48,74;1,49
52,80;-1,47;-2,07;-4,79;55,75;48,74;1,49
52,82;-1,47;-2,07;-4,79;55,75;48,74;1,49
52,84;-1,47;-2,07;-4,79;55,75;48,74;1,49
52,86;-1,47;-2,07;-4,79;55,75;48,74;1,49
52,86;-1,47;-2,07;-4,79;55,75;48,74;1,49
52,86;-1,07;-0,96;-5,04;55,75;48,74;1,49
52,88;-1,07;-0,96;-5,04;55,75;48,74;1,49
52,90;-1,07;-0,96;-5,04;55,75;48,74;1,49
52,92;-1,07;-0,96;-5,04;55,75;48,74;1,49
52,92;-0,07;1,20;-0,71;55,75;48,74;1,49
52,92;-0,07;1,20;-0,71;55,75;48,74;1,49
52,94;-0,07;1,20;-0,71;55,75;48,74;1,49
52,96;-0,07;1,20;-0,71;55,75;48,74;1,49
52,98;-0,07;1,20;-0,71;55,75;48,74;1,25
53,00;-0,07;1,20;-0,71;55,75;48,74;1,25
53,00;1,62;2,48;3,54;55,75;48,74;1,25
53,00;1,62;2,48;3,54;55,75;48,74;1,25
53,02;1,62;2,48;3,54;55,75;48,74;1,25
53,04;1,62;2,48;3,54;55,75;48,74;1,25
53,06;1,62;2,48;3,54;55,75;48,74;1,25
53,06;1,62;2,48;3,54;55,75;48,74;1,25
53,06;1,07;2,55;2,29;55,75;48,74;1,25
53,08;1,07;2,55;2,29;55,75;48,74;1,25
53,10;1,07;2,55;2,29;55,75;48,74;1,25
53,12;1,07;2,55;2,29;55,75;48,74;1,25
53,14;1,07;2,55;2,29;55,75;48,74;1,25
53,14;1,07;2,55;2,29;55,75;48,74;1,25
53,14;2,11;0,21;3,59;55,75;48,74;1,25
53,16;2,11;0,21;3,59;55,75;48,74;1,25
53,18;2,11;0,21;3,59;55,75;48,74;1,25
53,20;2,11;0,21;3,59;55,75;48,74;1,25
53,20;0,44;-3,17;1,61;55,75;48,74;1,25
53,20;0,44;-3,17;1,61;55,75;48,74;1,25
53,22;0,44;-3,17;1,61;55,75;48,74;1,25
53,23;0,44;-3,17;1,61;55,75;48,74;1,25
53,26;0,44;-3,17;1,61;55,75;48,74;1,25
53,26;1,01;-2,59;-2,57;55,75;48,74;1,25
53,26;1,01;-2,59;-2,57;55,75;48,74;1,25
53,27;1,01;-2,59;-2,57;55,75;48,74;1,25
53,29;1,01;-2,59;-2,57;55,75;48,74;1,25
53,31;1,01;-2,59;-2,57;55,75;48,74;1,25
53,33;1,01;-2,59;-2,57;55,75;48,74;1,25
53,33;-0,36;-1,17;-2,29;55,75;48,74;1,25
53,34;-0,36;-1,17;-2,29;55,75;48,74;1,25
53,35;-0,36;-1,17;-2,29;55,75;48,74;1,25
53,37;-0,36;-1,17;-2,29;55,75;48,74;1,25
53,39;-0,36;-1,17;-2,29;55,75;48,74;1,25
53,39;-0,83;-0,60;-3,95;55,75;48,74;1,25
53,40;-0,83;-0,60;-3,95;55,75;48,74;1,25
53,41;-0,83;-0,60;-3,95;55,75;48,74;1,25
53,43;-0,83;-0,60;-3,95;55,75;48,74;1,25
53,45;-0,83;-0,60;-3,95;55,75;48,74;1,25
53,47;-0,83;-0,60;-3,95;55,75;48,74;1,25
53,47;-0,83;-0,60;-3,95;55,75;48,74;1,25
53,47;-0,91;-0,07;-2,01;55,75;48,74;1,25
53,49;-0,91;-0,07;-2,01;55,75;48,74;1,25
53,51;-0,91;-0,07;-2,01;55,75;48,74;1,25
53,53;-0,91;-0,07;-2,01;55,75;48,74;1,25
53,54;-0,91;-0,07;-2,01;55,75;48,74;1,25
53,54;-0,31;1,24;0,25;55,75;48,74;1,25
53,55;-0,31;1,24;0,25;55,75;48,74;1,25
53,57;-0,31;1,24;0,25;55,75;48,74;1,25
53,59;-0,31;1,24;0,25;55,75;48,74;1,25
53,59;-0,31;1,24;0,25;55,75;48,74;1,25
53,59;0,10;2,20;1,98;55,75;48,74;1,25
53,61;0,10;2,20;1,98;55,75;48,74;1,25
53,63;0,10;2,20;1,98;55,75;48,74;1,25
53,65;0,10;2,20;1,98;55,75;48,74;1,25
53,67;0,10;2,20;1,98;55,75;48,74;1,25
53,67;0,10;2,20;1,98;55,75;48,74;1,25
53,67;0,03;2,58;2,94;55,75;48,74;1,25
53,69;0,03;2,58;2,94;55,75;48,74;1,25
53,71;0,03;2,58;2,94;55,75;48,74;1,25
53,73;0,03;2,58;2,94;55,75;48,74;1,25
53,73;0,03;2,58;2,94;55,75;48,74;1,25
53,73;0,39;1,24;4,04;55,75;48,74;1,25
53,75;0,39;1,24;4,04;55,75;48,74;1,25
53,77;0,39;1,24;4,04;55,75;48,74;1,25
53,79;0,39;1,24;4,04;55,75;48,74;1,25
53,79;0,39;1,24;4,04;55,75;48,74;1,25
53,79;-1,78;-1,73;2,62;55,75;48,74;1,25
53,80;-1,78;-1,73;2,62;55,75;48,74;1,25
53,83;-1,78;-1,73;2,62;55,75;48,74;1,25
53,85;-1,78;-1,73;2,62;55,75;48,74;1,25
53,86;-1,78;-1,73;2,62;55,75;48,74;1,25
53,86;-0,62;-1,94;-0,72;55,75;48,74;1,25
53,87;-0,62;-1,94;-0,72;55,75;48,74;1,25
53,88;-0,62;-1,94;-0,72;55,75;48,74;1,25
53,90;-0,62;-1,94;-0,72;55,75;48,74;1,25
53,92;-0,62;-1,94;-0,72;55,75;48,74;1,25
53,92;-0,52;-2,09;-3,39;55,75;48,74;1,25
53,93;-0,52;-2,09;-3,39;55,75;48,74;1,25
53,94;-0,52;-2,09;-3,39;55,75;48,74;1,25
53,96;-0,52;-2,09;-3,39;55,75;48,74;1,25
53,98;-0,52;-2,09;-3,39;55,75;48,74;1,25
54,00;-0,52;-2,09;-3,39;55,75;48,74;1,16
54,00;-0,52;-2,09;-3,39;55,75;48,74;1,16
54,00;-1,33;-1,29;-4,68;55,75;48,74;1,16
54,02;-1,33;-1,29;-4,68;55,75;48,74;1,16
54,04;-1,33;-1,29;-4,68;55,75;48,74;1,16
54,06;-1,33;-1,29;-4,68;55,75;48,74;1,16
54,06;-0,23;0,49;-1,99;55,75;48,74;1,16
54,06;-0,23;0,49;-1,99;55,75;48,74;1,16
54,08;-0,23;0,49;-1,99;55,75;48,74;1,16
54,10;-0,23;0,49;-1,99;55,75;48,74;1,16
54,12;-0,23;0,49;-1,99;55,75;48,74;1,16
54,12;1,58;1,84;2,53;55,75;48,74;1,16
54,12;1,58;1,84;2,53;55,75;48,74;1,16
54,14;1,58;1,84;2,53;55,75;48,74;1,16
54,16;1,58;1,84;2,53;55,75;48,74;1,16
54,18;1,58;1,84;2,53;55,75;48,74;1,16
54,20;1,58;1,84;2,53;55,75;48,74;1,16
54,20;1,58;1,84;2,53;55,75;48,74;1,16
54,20;2,09;1,59;2,42;55,75;48,74;1,16
54,22;2,09;1,59;2,42;55,75;48,74;1,16
54,24;2,09;1,59;2,42;55,75;48,74;1,16
54,26;2,09;1,59;2,42;55,75;48,74;1,16
54,26;3,27;1,11;1,99;55,75;48,74;1,16
54,26;3,27;1,11;1,99;55,75;48,74;1,16
54,28;3,27;1,11;1,99;55,75;48,74;1,16
54,30;3,27;1,11;1,99;55,75;48,74;1,16
54,32;3,27;1,11;1,99;55,75;48,74;1,16
54,34;3,27;1,11;1,99;55,75;48,74;1,16
54,34;3,27;1,11;1,99;55,75;48,74;1,16
54,34;1,63;-2,90;3,25;55,75;48,74;1,16
54,36;1,63;-2,90;3,25;55,75;48,74;1,16
54,38;1,63;-2,90;3,25;55,75;48,74;1,16
54,39;1,63;-2,90;3,25;55,75;48,74;1,16
54,40;1,63;-2,90;3,25;55,75;48,74;1,16
54,40;1,26;-2,58;-1,79;55,75;48,74;1,16
54,41;1,26;-2,58;-1,79;55,75;48,74;1,16
54,44;1,26;-2,58;-1,79;55,75;48,74;1,16
54,45;1,26;-2,58;-1,79;55,75;48,74;1,16
54,45;1,26;-2,58;-1,79;55,75;48,74;1,16
54,46;-0,11;-1,70;-2,10;55,75;48,74;1,16
54,47;-0,11;-1,70;-2,10;55,75;48,74;1,16
54,49;-0,11;-1,70;-2,10;55,75;48,74;1,16
54,51;-0,11;-1,70;-2,10;55,75;48,74;1,16
54,53;-0,11;-1,70;-2,10;55,75;48,74;1,16
54,53;-2,42;-1,31;-4,09;55,75;48,74;1,16
54,53;-2,42;-1,31;-4,09;55,75;48,74;1,16
54,55;-2,42;-1,31;-4,09;55,75;48,74;1,16
54,57;-2,42;-1,31;-4,09;55,75;48,74;1,16
54,59;-2,42;-1,31;-4,09;55,75;48,74;1,16
54,59;-2,42;-1,31;-4,09;55,75;48,74;1,16
54,59;-2,26;-0,57;-2,69;55,75;48,74;1,16
54,61;-2,26;-0,57;-2,69;55,75;48,74;1,16
54,63;-2,26;-0,57;-2,69;55,75;48,74;1,16
54,65;-2,26;-0,57;-2,69;55,75;48,74;1,16
54,67;-2,26;-0,57;-2,69;55,75;48,74;1,16
54,67;-1,13;1,17;-0,01;55,75;48,74;1,16
54,67;-1,13;1,17;-0,01;55,75;48,74;1,16
54,69;-1,13;1,17;-0,01;55,75;48,74;1,16
54,71;-1,13;1,17;-0,01;55,75;48,74;1,16
54,73;-1,13;1,17;-0,01;55,75;48,74;1,16
54,73;-1,13;1,17;-0,01;55,75;48,74;1,16
54,73;-0,02;2,81;2,80;55,75;48,74;1,16
54,75;-0,02;2,81;2,80;55,75;48,74;1,16
54,77;-0,02;2,81;2,80;55,75;48,74;1,16
54,79;-0,02;2,81;2,80;55,75;48,74;1,16
54,79;-0,02;2,81;2,80;55,75;48,74;1,16
54,79;-0,24;3,13;4,68;55,75;48,74;1,16
54,81;-0,24;3,13;4,68;55,75;48,74;1,16
54,83;-0,24;3,13;4,68;55,75;48,74;1,16
54,85;-0,24;3,13;4,68;55,75;48,74;1,16
54,87;-0,24;3,13;4,68;55,75;48,74;1,16
54,87;-0,24;3,13;4,68;55,75;48,74;1,16
54,87;-0,12;0,14;4,61;55,75;48,74;1,16
54,89;-0,12;0,14;4,61;55,75;48,74;1,16
54,91;-0,12;0,14;4,61;55,75;48,74;1,16
54,93;-0,12;0,14;4,61;55,75;48,74;1,16
54,93;-0,12;0,14;4,61;55,75;48,74;1,16
54,93;-1,75;-1,48;0,03;55,75;48,74;1,16
54,95;-1,75;-1,48;0,03;55,75;48,74;1,16
54,97;-1,75;-1,48;0,03;55,75;48,74;1,16
54,99;-1,75;-1,48;0,03;55,75;48,74;0,98
54,99;-1,75;-1,48;0,03;55,75;48,74;0,98
54,99;-0,27;-2,02;-1,67;55,75;48,74;0,98
55,00;-0,27;-2,02;-1,67;55,75;48,74;0,98
55,02;-0,27;-2,02;-1,67;55,75;48,74;0,98
55,04;-0,27;-2,02;-1,67;55,75;48,74;0,98
55,06;-0,27;-2,02;-1,67;55,75;48,74;0,98
55,06;-0,27;-2,02;-1,67;55,75;48,74;0,98
55,07;-0,32;-2,26;-3,18;55,75;48,74;0,98
55,08;-0,32;-2,26;-3,18;55,75;48,74;0,98
55,10;-0,32;-2,26;-3,18;55,75;48,74;0,98
55,12;-0,32;-2,26;-3,18;55,75;48,74;0,98
55,12;-0,32;-2,26;-3,18;55,75;48,74;0,98
55,12;-0,64;-1,43;-3,42;55,75;48,74;0,98
55,14;-0,64;-1,43;-3,42;55,75;48,74;0,98
55,16;-0,64;-1,43;-3,42;55,75;48,74;0,98
55,18;-0,64;-1,43;-3,42;55,75;48,74;0,98
55,20;-0,64;-1,43;-3,42;55,75;48,74;0,98
55,20;0,07;-0,09;-0,58;55,75;48,74;0,98
55,20;0,07;-0,09;-0,58;55,75;48,74;0,98
55,22;0,07;-0,09;-0,58;55,75;48,74;0,98
55,24;0,07;-0,09;-0,58;55,75;48,74;0,98
55,26;0,07;-0,09;-0,58;55,75;48,74;0,98
55,26;0,07;-0,09;-0,58;55,75;48,74;0,98
55,26;1,92;1,25;1,66;55,75;48,74;0,98
55,28;1,92;1,25;1,66;55,75;48,74;0,98
55,30;1,92;1,25;1,66;55,75;48,74;0,98
55,32;1,92;1,25;1,66;55,75;48,74;0,98
55,32;2,32;2,02;1,50;55,75;48,74;0,98
55,32;2,32;2,02;1,50;55,75;48,74;0,98
55,34;2,32;2,02;1,50;55,75;48,74;0,98
55,36;2,32;2,02;1,50;55,75;48,74;0,98
55,38;2,32;2,02;1,50;55,75;48,74;0,98
55,40;2,32;2,02;1,50;55,75;48,74;0,98
55,40;2,32;2,02;1,50;55,75;48,74;0,98
55,40;2,99;0,49;3,34;55,75;48,74;0,98
55,42;2,99;0,49;3,34;55,75;48,74;0,98
55,44;2,99;0,49;3,34;55,75;48,74;0,98
55,46;2,99;0,49;3,34;55,75;48,74;0,98
55,46;2,99;0,49;3,34;55,75;48,74;0,98
55,46;1,12;-2,11;2,20;55,75;48,74;0,98
55,48;1,12;-2,11;2,20;55,75;48,74;0,98
55,50;1,12;-2,11;2,20;55,75;48,74;0,98
55,52;1,12;-2,11;2,20;55,75;48,74;0,98
55,54;1,12;-2,11;2,20;55,75;48,74;0,98
55,54;1,12;-2,11;2,20;55,75;48,74;0,98
55,54;1,22;-1,62;-1,43;55,75;48,74;0,98
55,56;1,22;-1,62;-1,43;55,75;48,74;0,98
55,58;1,22;-1,62;-1,43;55,75;48,74;0,98
55,60;1,22;-1,62;-1,43;55,75;48,74;0,98
55,60;1,22;-1,62;-1,43;55,75;48,74;0,98
55,60;-1,55;-1,57;-2,89;55,75;48,74;0,98
55,61;-1,55;-1,57;-2,89;55,75;48,74;0,98
55,63;-1,55;-1,57;-2,89;55,75;48,74;0,98
55,65;-1,55;-1,57;-2,89;55,75;48,74;0,98
55,66;-1,93;-1,39;-4,35;55,75;48,74;0,98
55,66;-1,93;-1,39;-4,35;55,75;48,74;0,98
55,67;-1,93;-1,39;-4,35;55,75;48,74;0,98
55,69;-1,93;-1,39;-4,35;55,75;48,74;0,98
55,71;-1,93;-1,39;-4,35;55,75;48,74;0,98
55,73;-1,93;-1,39;-4,35;55,75;48,74;0,98
55,73;-1,93;-1,39;-4,35;55,75;48,74;0,98
55,73;-1,51;-0,60;-3,07;55,75;48,74;0,98
55,75;-1,51;-0,60;-3,07;55,75;48,74;0,98
55,77;-1,51;-0,60;-3,07;55,75;48,74;0,98
55,79;-1,51;-0,60;-3,07;55,75;48,74;0,98
55,79;-0,91;1,53;1,19;55,75;48,74;0,98
55,79;-0,91;1,53;1,19;55,75;48,74;0,98
55,81;-0,91;1,53;1,19;55,75;48,74;0,98
55,83;-0,91;1,53;1,19;55,75;48,74;0,98
55,85;-0,91;1,53;1,19;55,75;48,74;0,98
55,87;-0,91;1,53;1,19;55,75;48,74;0,98
55,87;0,84;2,83;3,58;55,75;48,74;0,98
55,87;0,84;2,83;3,58;55,75;48,74;0,98
55,89;0,84;2,83;3,58;55,75;48,74;0,98
55,91;0,84;2,83;3,58;55,75;48,74;0,98
55,93;0,84;2,83;3,58;55,75;48,74;0,98
55,93;0,84;2,83;3,58;55,75;48,74;0,98
55,93;1,08;3,03;4,02;55,75;48,74;0,98
55,95;1,08;3,03;4,02;55,75;48,74;0,98
55,97;1,08;3,03;4,02;55,75;48,74;0,98
55,99;1,08;3,03;4,02;55,75;48,74;1,03
55,99;-0,69;-0,92;4,53;55,75;48,74;1,03
55,99;-0,69;-0,92;4,53;55,75;48,74;1,03
56,01;-0,69;-0,92;4,53;55,75;48,74;1,03
56,03;-0,69;-0,92;4,53;55,75;48,74;1,03
56,05;-0,69;-0,92;4,53;55,75;48,74;1,03
56,07;-0,69;-0,92;4,53;55,75;48,74;1,03
56,07;-0,69;-0,92;4,53;55,75;48,74;1,03
56,07;-2,30;-1,82;-0,92;55,75;48,74;1,03
56,09;-2,30;-1,82;-0,92;55,75;48,74;1,03
56,11;-2,30;-1,82;-0,92;55,75;48,74;1,03
56,13;-2,30;-1,82;-0,92;55,75;48,74;1,03
56,13;-2,30;-1,82;-0,92;55,75;48,74;1,03
56,13;0,02;-1,80;-1,91;55,75;48,74;1,03
56,15;0,02;-1,80;-1,91;55,75;48,74;1,03
56,17;0,02;-1,80;-1,91;55,75;48,74;1,03
56,18;0,02;-1,80;-1,91;55,75;48,74;1,03
56,19;0,02;-1,80;-1,91;55,75;48,74;1,03
56,19;-0,65;-1,45;-2,84;55,75;48,74;1,03
56,20;-0,65;-1,45;-2,84;55,75;48,74;1,03
56,22;-0,65;-1,45;-2,84;55,75;48,74;1,03
56,24;-0,65;-1,45;-2,84;55,75;48,74;1,03
56,26;-0,65;-1,45;-2,84;55,75;48,74;1,03
56,26;-0,65;-1,45;-2,84;55,75;48,74;1,03
56,26;-0,56;-0,58;-3,13;55,75;48,74;1,03
56,28;-0,56;-0,58;-3,13;55,75;48,74;1,03
56,30;-0,56;-0,58;-3,13;55,75;48,74;1,03
56,32;-0,56;-0,58;-3,13;55,75;48,74;1,03
56,33;-0,56;-0,58;-3,13;55,75;48,74;1,03
56,33;0,32;0,69;-1,16;55,75;48,74;1,03
56,34;0,32;0,69;-1,16;55,75;48,74;1,03
56,36;0,32;0,69;-1,16;55,75;48,74;1,03
56,38;0,32;0,69;-1,16;55,75;48,74;1,03
56,40;0,32;0,69;-1,16;55,75;48,74;1,03
56,40;0,32;0,69;-1,16;55,75;48,74;1,03
56,40;-0,83;1,33;2,03;55,75;48,74;1,03
56,42;-0,83;1,33;2,03;55,75;48,74;1,03
56,44;-0,83;1,33;2,03;55,75;48,74;1,03
56,46;-0,83;1,33;2,03;55,75;48,74;1,03
56,46;1,26;1,61;3,02;55,75;48,74;1,03
56,46;1,26;1,61;3,02;55,75;48,74;1,03
56,48;1,26;1,61;3,02;55,75;48,74;1,03
56,50;1,26;1,61;3,02;55,75;48,74;1,03
56,52;1,26;1,61;3,02;55,75;48,74;1,03
56,52;1,26;1,61;3,02;55,75;48,74;1,03
56,52;2,04;0,02;3,86;55,75;48,74;1,03
56,54;2,04;0,02;3,86;55,75;48,74;1,03
56,56;2,04;0,02;3,86;55,75;48,74;1,03
56,58;2,04;0,02;3,86;55,75;48,74;1,03
56,60;1,13;-1,68;-0,25;55,75;48,74;1,03
56,60;1,13;-1,68;-0,25;55,75;48,74;1,03
56,60;1,13;-1,68;-0,25;55,75;48,74;1,03
56,62;1,13;-1,68;-0,25;55,75;48,74;1,03
56,64;1,13;-1,68;-0,25;55,75;48,74;1,03
56,66;1,13;-1,68;-0,25;55,75;48,74;1,03
56,66;1,63;-1,92;-2,03;55,75;48,74;1,03
56,66;1,63;-1,92;-2,03;55,75;48,74;1,03
56,68;1,63;-1,92;-2,03;55,75;48,74;1,03
56,70;1,63;-1,92;-2,03;55,75;48,74;1,03
56,72;1,63;-1,92;-2,03;55,75;48,74;1,03
56,74;1,63;-1,92;-2,03;55,75;48,74;1,03
56,74;1,63;-1,92;-2,03;55,75;48,74;1,03
56,74;-1,18;-1,46;-2,02;55,75;48,74;1,03
56,76;-1,18;-1,46;-2,02;55,75;48,74;1,03
56,78;-1,18;-1,46;-2,02;55,75;48,74;1,03
56,80;-1,18;-1,46;-2,02;55,75;48,74;1,03
56,80;-1,06;-1,25;-3,78;55,75;48,74;1,03
56,80;-1,06;-1,25;-3,78;55,75;48,74;1,03
56,82;-1,06;-1,25;-3,78;55,75;48,74;1,03
56,83;-1,06;-1,25;-3,78;55,75;48,74;1,03
56,85;-1,06;-1,25;-3,78;55,75;48,74;1,03
56,86;-1,33;-0,31;-2,94;55,75;48,74;1,03
56,86;-1,33;-0,31;-2,94;55,75;48,74;1,03
56,87;-1,33;-0,31;-2,94;55,75;48,74;1,03
56,89;-1,33;-0,31;-2,94;55,75;48,74;1,03
56,91;-1,33;-0,31;-2,94;55,75;48,74;1,03
56,93;-1,33;-0,31;-2,94;55,75;48,74;1,03
56,93;-1,33;-0,31;-2,94;55,75;48,74;1,03
56,94;-0,28;1,81;0,74;55,75;48,74;1,03
56,95;-0,28;1,81;0,74;55,75;48,74;1,03
56,97;-0,28;1,81;0,74;55,75;48,74;1,03
56,99;-0,28;1,81;0,74;55,75;48,74;1,06
56,99;-0,28;1,81;0,74;55,75;48,74;1,06
56,99;0,75;3,02;4,84;55,75;48,74;1,06
57,01;0,75;3,02;4,84;55,75;48,74;1,06
57,03;0,75;3,02;4,84;55,75;48,74;1,06
57,05;0,75;3,02;4,84;55,75;48,74;1,06
57,07;0,75;3,02;4,84;55,75;48,74;1,06
57,07;0,75;3,02;4,84;55,75;48,74;1,06
57,07;0,24;2,90;3,70;55,75;48,74;1,06
57,09;0,24;2,90;3,70;55,75;48,74;1,06
57,11;0,24;2,90;3,70;55,75;48,74;1,06
57,13;0,24;2,90;3,70;55,75;48,74;1,06
57,13;0,24;2,90;3,70;55,75;48,74;1,06
57,13;-0,71;-0,96;3,60;55,75;48,74;1,06
57,15;-0,71;-0,96;3,60;55,75;48,74;1,06
57,17;-0,71;-0,96;3,60;55,75;48,74;1,06
57,19;-0,71;-0,96;3,60;55,75;48,74;1,06
57,19;-1,83;-1,94;-1,19;55,75;48,74;1,06
57,19;-1,83;-1,94;-1,19;55,75;48,74;1,06
57,21;-1,83;-1,94;-1,19;55,75;48,74;1,06
57,23;-1,83;-1,94;-1,19;55,75;48,74;1,06
57,25;-1,83;-1,94;-1,19;55,75;48,74;1,06
57,27;-1,83;-1,94;-1,19;55,75;48,74;1,06
57,27;-1,83;-1,94;-1,19;55,75;48,74;1,06
57,27;-0,99;-2,51;-1,65;55,75;48,74;1,06
57,29;-0,99;-2,51;-1,65;55,75;48,74;1,06
57,31;-0,99;-2,51;-1,65;55,75;48,74;1,06
57,33;-0,99;-2,51;-1,65;55,75;48,74;1,06
57,33;-0,99;-2,51;-1,65;55,75;48,74;1,06
57,33;-0,86;-2,09;-3,40;55,75;48,74;1,06
57,35;-0,86;-2,09;-3,40;55,75;48,74;1,06
57,36;-0,86;-2,09;-3,40;55,75;48,74;1,06
57,38;-0,86;-2,09;-3,40;55,75;48,74;1,06
57,39;-0,86;-2,09;-3,40;55,75;48,74;1,06
57,39;-0,45;-0,72;-3,16;55,75;48,74;1,06
57,40;-0,45;-0,72;-3,16;55,75;48,74;1,06
57,42;-0,45;-0,72;-3,16;55,75;48,74;1,06
57,44;-0,45;-0,72;-3,16;55,75;48,74;1,06
57,46;-0,45;-0,72;-3,16;55,75;48,74;1,06
57,46;-0,45;-0,72;-3,16;55,75;48,74;1,06
57,47;-0,15;0,66;-0,26;55,75;48,74;1,06
57,48;-0,15;0,66;-0,26;55,75;48,74;1,06
57,50;-0,15;0,66;-0,26;55,75;48,74;1,06
57,52;-0,15;0,66;-0,26;55,75;48,74;1,06
57,53;-0,15;0,66;-0,26;55,75;48,74;1,06
57,53;0,59;2,06;1,75;55,75;48,74;1,06
57,54;0,59;2,06;1,75;55,75;48,74;1,06
57,56;0,59;2,06;1,75;55,75;48,74;1,06
57,58;0,59;2,06;1,75;55,75;48,74;1,06
57,60;0,59;2,06;1,75;55,75;48,74;1,06
57,60;2,55;2,47;3,79;55,75;48,74;1,06
57,60;2,55;2,47;3,79;55,75;48,74;1,06
57,62;2,55;2,47;3,79;55,75;48,74;1,06
57,64;2,55;2,47;3,79;55,75;48,74;1,06
57,66;2,55;2,47;3,79;55,75;48,74;1,06
57,66;2,78;1,10;2,77;55,75;48,74;1,06
57,66;2,78;1,10;2,77;55,75;48,74;1,06
57,68;2,78;1,10;2,77;55,75;48,74;1,06
57,70;2,78;1,10;2,77;55,75;48,74;1,06
57,72;2,78;1,10;2,77;55,75;48,74;1,06
57,72;0,73;-2,84;1,48;55,75;48,74;1,06
57,72;0,73;-2,84;1,48;55,75;48,74;1,06
57,74;0,73;-2,84;1,48;55,75;48,74;1,06
57,76;0,73;-2,84;1,48;55,75;48,74;1,06
57,78;0,73;-2,84;1,48;55,75;48,74;1,06
57,80;0,73;-2,84;1,48;55,75;48,74;1,06
57,80;0,73;-2,84;1,48;55,75;48,74;1,06
57,80;0,62;-2,42;-3,39;55,75;48,74;1,06
57,82;0,62;-2,42;-3,39;55,75;48,74;1,06
57,84;0,62;-2,42;-3,39;55,75;48,74;1,06
57,86;0,62;-2,42;-3,39;55,75;48,74;1,06
57,86;-1,75;-1,81;-3,08;55,75;48,74;1,06
57,86;-1,75;-1,81;-3,08;55,75;48,74;1,06
57,88;-1,75;-1,81;-3,08;55,75;48,74;1,06
57,90;-1,75;-1,81;-3,08;55,75;48,74;1,06
57,92;-1,75;-1,81;-3,08;55,75;48,74;1,06
57,94;-1,75;-1,81;-3,08;55,75;48,74;1,06
57,94;-1,75;-1,81;-3,08;55,75;48,74;1,06
57,94;-1,32;-0,86;-3,11;55,75;48,74;1,06
57,96;-1,32;-0,86;-3,11;55,75;48,74;1,06
57,98;-1,32;-0,86;-3,11;55,75;48,74;1,06
57,99;-1,32;-0,86;-3,11;55,75;48,74;1,21
58,00;-1,32;-0,86;-3,11;55,75;48,74;1,21
58,00;-0,81;0,18;-0,15;55,75;48,74;1,21
58,01;-0,81;0,18;-0,15;55,75;48,74;1,21
58,03;-0,81;0,18;-0,15;55,75;48,74;1,21
58,05;-0,81;0,18;-0,15;55,75;48,74;1,21
58,06;0,96;2,40;1,30;55,75;48,74;1,21
58,06;0,96;2,40;1,30;55,75;48,74;1,21
58,07;0,96;2,40;1,30;55,75;48,74;1,21
58,09;0,96;2,40;1,30;55,75;48,74;1,21
58,11;0,96;2,40;1,30;55,75;48,74;1,21
58,13;0,96;2,40;1,30;55,75;48,74;1,21
58,13;0,96;2,40;1,30;55,75;48,74;1,21
58,13;0,77;3,31;1,28;55,75;48,74;1,21
58,15;0,77;3,31;1,28;55,75;48,74;1,21
58,17;0,77;3,31;1,28;55,75;48,74;1,21
58,19;0,77;3,31;1,28;55,75;48,74;1,21
58,19;-0,45;2,39;3,23;55,75;48,74;1,21
58,19;-0,45;2,39;3,23;55,75;48,74;1,21
58,21;-0,45;2,39;3,23;55,75;48,74;1,21
58,23;-0,45;2,39;3,23;55,75;48,74;1,21
58,25;-0,45;2,39;3,23;55,75;48,74;1,21
58,27;-0,45;2,39;3,23;55,75;48,74;1,21
58,27;-0,45;2,39;3,23;55,75;48,74;1,21
58,27;-1,52;-1,62;4,77;55,75;48,74;1,21
58,29;-1,52;-1,62;4,77;55,75;48,74;1,21
58,31;-1,52;-1,62;4,77;55,75;48,74;1,21
58,33;-1,52;-1,62;4,77;55,75;48,74;1,21
58,33;-1,16;-2,03;-1,23;55,75;48,74;1,21
58,33;-1,16;-2,03;-1,23;55,75;48,74;1,21
58,35;-1,16;-2,03;-1,23;55,75;48,74;1,21
58,37;-1,16;-2,03;-1,23;55,75;48,74;1,21
58,39;-1,16;-2,03;-1,23;55,75;48,74;1,21
58,39;-0,80;-2,56;-1,32;55,75;48,74;1,21
58,39;-0,80;-2,56;-1,32;55,75;48,74;1,21
58,41;-0,80;-2,56;-1,32;55,75;48,74;1,21
58,43;-0,80;-2,56;-1,32;55,75;48,74;1,21
58,45;-0,80;-2,56;-1,32;55,75;48,74;1,21
58,47;-0,80;-2,56;-1,32;55,75;48,74;1,21
58,47;-0,80;-2,56;-1,32;55,75;48,74;1,21
58,47;-0,38;-2,57;-2,49;55,75;48,74;1,21
58,49;-0,38;-2,57;-2,49;55,75;48,74;1,21
58,51;-0,38;-2,57;-2,49;55,75;48,74;1,21
58,53;-0,38;-2,57;-2,49;55,75;48,74;1,21
58,53;0,30;-1,23;-4,29;55,75;48,74;1,21
58,53;0,30;-1,23;-4,29;55,75;48,74;1,21
58,55;0,30;-1,23;-4,29;55,75;48,74;1,21
58,56;0,30;-1,23;-4,29;55,75;48,74;1,21
58,58;0,30;-1,23;-4,29;55,75;48,74;1,21
58,61;0,30;-1,23;-4,29;55,75;48,74;1,21
58,61;0,45;0,46;-1,90;55,75;48,74;1,21
58,61;0,45;0,46;-1,90;55,75;48,74;1,21
58,62;0,45;0,46;-1,90;55,75;48,74;1,21
58,64;0,45;0,46;-1,90;55,75;48,74;1,21
58,66;0,45;0,46;-1,90;55,75;48,74;1,21
58,66;0,45;0,46;-1,90;55,75;48,74;1,21
58,67;1,94;1,90;0,90;55,75;48,74;1,21
58,68;1,94;1,90;0,90;55,75;48,74;1,21
58,70;1,94;1,90;0,90;55,75;48,74;1,21
58,72;1,94;1,90;0,90;55,75;48,74;1,21
58,72;1,94;1,90;0,90;55,75;48,74;1,21
58,73;2,27;2,59;3,66;55,75;48,74;1,21
58,74;2,27;2,59;3,66;55,75;48,74;1,21
58,76;2,27;2,59;3,66;55,75;48,74;1,21
58,78;2,27;2,59;3,66;55,75;48,74;1,21
58,80;2,27;2,59;3,66;55,75;48,74;1,21
58,80;1,73;0,31;5,41;55,75;48,74;1,21
58,80;1,73;0,31;5,41;55,75;48,74;1,21
58,82;1,73;0,31;5,41;55,75;48,74;1,21
58,84;1,73;0,31;5,41;55,75;48,74;1,21
58,86;1,73;0,31;5,41;55,75;48,74;1,21
58,86;0,35;-2,33;1,59;55,75;48,74;1,21
58,86;0,35;-2,33;1,59;55,75;48,74;1,21
58,88;0,35;-2,33;1,59;55,75;48,74;1,21
58,90;0,35;-2,33;1,59;55,75;48,74;1,21
58,92;0,35;-2,33;1,59;55,75;48,74;1,21
58,92;0,35;-2,33;1,59;55,75;48,74;1,21
58,92;1,27;-2,73;-2,04;55,75;48,74;1,21
58,94;1,27;-2,73;-2,04;55,75;48,74;1,21
58,96;1,27;-2,73;-2,04;55,75;48,74;1,21
58,98;1,27;-2,73;-2,04;55,75;48,74;1,21
59,00;1,27;-2,73;-2,04;55,75;48,74;1,21
59,00;1,27;-2,73;-2,04;55,75;48,74;1,21
59,00;-1,07;-1,23;-3,26;55,75;48,74;1,21
59,02;-1,07;-1,23;-3,26;55,75;48,74;1,21
59,04;-1,07;-1,23;-3,26;55,75;48,74;1,21
59,06;-1,07;-1,23;-3,26;55,75;48,74;1,21
59,06;-1,07;-1,23;-3,26;55,75;48,74;1,21
59,06;-1,33;-1,00;-3,02;55,75;48,74;1,21
59,08;-1,33;-1,00;-3,02;55,75;48,74;1,21
59,10;-1,33;-1,00;-3,02;55,75;48,74;1,21
59,12;-1,33;-1,00;-3,02;55,75;48,74;1,21
59,14;-1,33;-1,00;-3,02;55,75;48,74;1,21
59,14;-0,96;-0,04;-2,05;55,75;48,74;1,21
59,14;-0,96;-0,04;-2,05;55,75;48,74;1,21
59,16;-0,96;-0,04;-2,05;55,75;48,74;1,21
59,17;-0,96;-0,04;-2,05;55,75;48,74;1,21
59,19;-0,96;-0,04;-2,05;55,75;48,74;1,21
59,20;-0,13;1,57;0,30;55,75;48,74;1,21
59,20;-0,13;1,57;0,30;55,75;48,74;1,21
59,21;-0,13;1,57;0,30;55,75;48,74;1,21
59,23;-0,13;1,57;0,30;55,75;48,74;1,21
59,25;-0,13;1,57;0,30;55,75;48,74;1,21
59,26;0,36;2,38;2,03;55,75;48,74;1,21
59,26;0,36;2,38;2,03;55,75;48,74;1,21
59,27;0,36;2,38;2,03;55,75;48,74;1,21
59,29;0,36;2,38;2,03;55,75;48,74;1,21
59,31;0,36;2,38;2,03;55,75;48,74;1,21
59,33;0,36;2,38;2,03;55,75;48,74;1,21
59,34;-0,61;2,36;3,21;55,75;48,74;1,21
59,34;-0,61;2,36;3,21;55,75;48,74;1,21
59,35;-0,61;2,36;3,21;55,75;48,74;1,21
59,37;-0,61;2,36;3,21;55,75;48,74;1,21
59,39;-0,61;2,36;3,21;55,75;48,74;1,21
59,39;-1,11;-0,57;5,17;55,75;48,74;1,21
59,39;-1,11;-0,57;5,17;55,75;48,74;1,21
59,41;-1,11;-0,57;5,17;55,75;48,74;1,21
59,43;-1,11;-0,57;5,17;55,75;48,74;1,21
59,45;-1,11;-0,57;5,17;55,75;48,74;1,21
59,47;-1,11;-0,57;5,17;55,75;48,74;1,21
59,47;-1,73;-1,60;-0,84;55,75;48,74;1,21
59,47;-1,73;-1,60;-0,84;55,75;48,74;1,21
59,49;-1,73;-1,60;-0,84;55,75;48,74;1,21
59,51;-1,73;-1,60;-0,84;55,75;48,74;1,21
59,53;-1,73;-1,60;-0,84;55,75;48,74;1,21
59,53;-1,44;-1,53;-1,91;55,75;48,74;1,21
59,53;-1,44;-1,53;-1,91;55,75;48,74;1,21
59,55;-1,44;-1,53;-1,91;55,75;48,74;1,21
59,57;-1,44;-1,53;-1,91;55,75;48,74;1,21
59,59;-1,44;-1,53;-1,91;55,75;48,74;1,21
59,59;-1,01;-1,67;-1,94;55,75;48,74;1,21
59,59;-1,01;-1,67;-1,94;55,75;48,74;1,21
59,61;-1,01;-1,67;-1,94;55,75;48,74;1,21
59,63;-1,01;-1,67;-1,94;55,75;48,74;1,21
59,65;-1,01;-1,67;-1,94;55,75;48,74;1,21
59,67;-1,01;-1,67;-1,94;55,75;48,74;1,21
59,67;-0,87;-0,71;-2,98;55,75;48,74;1,21
59,67;-0,87;-0,71;-2,98;55,75;48,74;1,21
59,69;-0,87;-0,71;-2,98;55,75;48,74;1,21
59,71;-0,87;-0,71;-2,98;55,75;48,74;1,21
59,73;-0,87;-0,71;-2,98;55,75;48,74;1,21
59,73;-0,56;0,48;-0,53;55,75;48,74;1,21
59,73;-0,56;0,48;-0,53;55,75;48,74;1,21
59,74;-0,56;0,48;-0,53;55,75;48,74;1,21
59,77;-0,56;0,48;-0,53;55,75;48,74;1,21
59,78;-0,56;0,48;-0,53;55,75;48,74;1,21
59,80;-0,56;0,48;-0,53;55,75;48,74;1,21
59,81;0,50;1,68;1,99;55,75;48,74;1,21
59,81;0,50;1,68;1,99;55,75;48,74;1,21
59,82;0,50;1,68;1,99;55,75;48,74;1,21
59,84;0,50;1,68;1,99;55,75;48,74;1,21
59,86;0,50;1,68;1,99;55,75;48,74;1,21
59,86;1,21;1,81;2,85;55,75;48,74;1,21
59,87;1,21;1,81;2,85;55,75;48,74;1,21
59,88;1,21;1,81;2,85;55,75;48,74;1,21
59,91;1,21;1,81;2,85;55,75;48,74;1,21
59,92;1,21;1,81;2,85;55,75;48,74;1,21
59,92;1,15;0,59;2,26;55,75;48,74;1,21
59,92;1,15;0,59;2,26;55,75;48,74;1,21
59,94;1,15;0,59;2,26;55,75;48,74;1,21
59,97;1,15;0,59;2,26;55,75;48,74;1,21
59,98;1,15;0,59;2,26;55,75;48,74;1,21
60,00;1,15;0,59;2,26;55,75;48,74;0,47
60,00;0,62;-1,87;0,38;55,75;48,74;0,47
60,00;0,62;-1,87;0,38;55,75;48,74;0,47
60,02;0,62;-1,87;0,38;55,75;48,74;0,47
60,04;0,62;-1,87;0,38;55,75;48,74;0,47
60,06;0,62;-1,87;0,38;55,75;48,74;0,47
60,06;2,69;-2,04;-1,52;55,75;48,74;0,47
60,06;2,69;-2,04;-1,52;55,75;48,74;0,47
60,08;2,69;-2,04;-1,52;55,75;48,74;0,47
60,10;2,69;-2,04;-1,52;55,75;48,74;0,47
60,12;2,69;-2,04;-1,52;55,75;48,74;0,47
60,12;2,69;-2,04;-1,52;55,75;48,74;0,47
60,12;0,57;-0,78;-3,12;55,75;48,74;0,47
60,14;0,57;-0,78;-3,12;55,75;48,74;0,47
60,16;0,57;-0,78;-3,12;55,75;48,74;0,47
60,18;0,57;-0,78;-3,12;55,75;48,74;0,47
60,20;0,57;-0,78;-3,12;55,75;48,74;0,47
60,20;0,57;-0,78;-3,12;55,75;48,74;0,47
60,20;-1,14;-0,88;-3,41;55,75;48,74;0,47
60,22;-1,14;-0,88;-3,41;55,75;48,74;0,47
60,24;-1,14;-0,88;-3,41;55,75;48,74;0,47
60,26;-1,14;-0,88;-3,41;55,75;48,74;0,47
60,26;-1,14;-0,88;-3,41;55,75;48,74;0,47
60,26;-1,34;-0,27;-1,73;55,75;48,74;0,47
60,28;-1,34;-0,27;-1,73;55,75;48,74;0,47
60,30;-1,34;-0,27;-1,73;55,75;48,74;0,47
60,32;-1,34;-0,27;-1,73;55,75;48,74;0,47
60,34;-1,34;-0,27;-1,73;55,75;48,74;0,47
60,34;-1,34;-0,27;-1,73;55,75;48,74;0,47
60,34;-0,37;1,29;0,61;55,75;48,74;0,47
60,35;-0,37;1,29;0,61;55,75;48,74;0,47
60,37;-0,37;1,29;0,61;55,75;48,74;0,47
60,39;-0,37;1,29;0,61;55,75;48,74;0,47
60,40;-0,37;1,29;0,61;55,75;48,74;0,47
60,40;0,70;2,25;1,48;55,75;48,74;0,47
60,41;0,70;2,25;1,48;55,75;48,74;0,47
60,43;0,70;2,25;1,48;55,75;48,74;0,47
60,45;0,70;2,25;1,48;55,75;48,74;0,47
60,46;-0,26;2,55;2,29;55,75;48,74;0,47
60,46;-0,26;2,55;2,29;55,75;48,74;0,47
60,47;-0,26;2,55;2,29;55,75;48,74;0,47
60,49;-0,26;2,55;2,29;55,75;48,74;0,47
60,51;-0,26;2,55;2,29;55,75;48,74;0,47
60,53;-0,26;2,55;2,29;55,75;48,74;0,47
60,53;0,09;1,06;5,19;55,75;48,74;0,47
60,53;0,09;1,06;5,19;55,75;48,74;0,47
60,55;0,09;1,06;5,19;55,75;48,74;0,47
60,57;0,09;1,06;5,19;55,75;48,74;0,47
60,59;0,09;1,06;5,19;55,75;48,74;0,47
60,59;0,09;1,06;5,19;55,75;48,74;0,47
60,59;-1,30;-1,98;2,57;55,75;48,74;0,47
60,61;-1,30;-1,98;2,57;55,75;48,74;0,47
60,63;-1,30;-1,98;2,57;55,75;48,74;0,47
60,65;-1,30;-1,98;2,57;55,75;48,74;0,47
60,67;-1,30;-1,98;2,57;55,75;48,74;0,47
60,67;-1,30;-1,98;2,57;55,75;48,74;0,47
60,67;0,73;-2,44;-0,75;55,75;48,74;0,47
60,69;0,73;-2,44;-0,75;55,75;48,74;0,47
60,71;0,73;-2,44;-0,75;55,75;48,74;0,47
60,73;0,73;-2,44;-0,75;55,75;48,74;0,47
60,73;-0,25;-2,69;-3,10;55,75;48,74;0,47
60,73;-0,25;-2,69;-3,10;55,75;48,74;0,47
60,75;-0,25;-2,69;-3,10;55,75;48,74;0,47
60,77;-0,25;-2,69;-3,10;55,75;48,74;0,47
60,79;-0,25;-2,69;-3,10;55,75;48,74;0,47
60,79;-0,25;-2,69;-3,10;55,75;48,74;0,47
60,79;-0,46;-1,71;-4,21;55,75;48,74;0,47
60,81;-0,46;-1,71;-4,21;55,75;48,74;0,47
60,83;-0,46;-1,71;-4,21;55,75;48,74;0,47
60,85;-0,46;-1,71;-4,21;55,75;48,74;0,47
60,87;-0,46;-1,71;-4,21;55,75;48,74;0,47
60,87;-0,46;-1,71;-4,21;55,75;48,74;0,47
60,87;0,08;0,03;-1,78;55,75;48,74;0,47
60,89;0,08;0,03;-1,78;55,75;48,74;0,47
60,91;0,08;0,03;-1,78;55,75;48,74;0,47
60,93;0,08;0,03;-1,78;55,75;48,74;0,47
60,93;0,08;0,03;-1,78;55,75;48,74;0,47
60,93;0,37;1,38;1,52;55,75;48,74;0,47
60,95;0,37;1,38;1,52;55,75;48,74;0,47
60,96;0,37;1,38;1,52;55,75;48,74;0,47
60,98;0,37;1,38;1,52;55,75;48,74;0,47
61,00;0,37;1,38;1,52;55,75;48,74;0,47
61,01;0,37;1,38;1,52;55,75;48,74;0,47
61,01;0,74;1,93;1,96;55,75;48,74;0,47
61,02;0,74;1,93;1,96;55,75;48,74;0,47
61,04;0,74;1,93;1,96;55,75;48,74;0,47
61,06;0,74;1,93;1,96;55,75;48,74;0,47
61,06;0,74;1,93;1,96;55,75;48,74;0,47
61,06;1,02;0,83;2,61;55,75;48,74;0,47
61,08;1,02;0,83;2,61;55,75;48,74;0,47
61,10;1,02;0,83;2,61;55,75;48,74;0,47
61,12;1,02;0,83;2,61;55,75;48,74;0,47
61,12;1,02;0,83;2,61;55,75;48,74;0,47
61,12;1,14;-2,24;3,14;55,75;48,74;0,47
61,14;1,14;-2,24;3,14;55,75;48,74;0,47
61,16;1,14;-2,24;3,14;55,75;48,74;0,47
61,18;1,14;-2,24;3,14;55,75;48,74;0,47
61,20;2,70;-1,39;-3,01;55,75;48,74;0,47
61,20;2,70;-1,39;-3,01;55,75;48,74;0,47
61,21;2,70;-1,39;-3,01;55,75;48,74;0,47
61,22;2,70;-1,39;-3,01;55,75;48,74;0,47
61,24;2,70;-1,39;-3,01;55,75;48,74;0,47
61,26;2,70;-1,39;-3,01;55,75;48,74;0,47
61,26;-1,34;-0,92;-2,70;55,75;48,74;0,47
61,26;-1,34;-0,92;-2,70;55,75;48,74;0,47
61,28;-1,34;-0,92;-2,70;55,75;48,74;0,47
61,30;-1,34;-0,92;-2,70;55,75;48,74;0,47
61,32;-1,34;-0,92;-2,70;55,75;48,74;0,47
61,32;-2,78;-0,78;-1,76;55,75;48,74;0,47
61,32;-2,78;-0,78;-1,76;55,75;48,74;0,47
61,34;-2,78;-0,78;-1,76;55,75;48,74;0,47
61,36;-2,78;-0,78;-1,76;55,75;48,74;0,47
61,38;-2,78;-0,78;-1,76;55,75;48,74;0,47
61,40;-1,44;0,09;-0,89;55,75;48,74;0,47
61,40;-1,44;0,09;-0,89;55,75;48,74;0,47
61,40;-1,44;0,09;-0,89;55,75;48,74;0,47
61,42;-1,44;0,09;-0,89;55,75;48,74;0,47
61,44;-1,44;0,09;-0,89;55,75;48,74;0,47
61,46;-1,44;0,09;-0,89;55,75;48,74;0,47
61,46;-1,44;0,09;-0,89;55,75;48,74;0,47
61,46;-0,40;1,51;-0,30;55,75;48,74;0,47
61,48;-0,40;1,51;-0,30;55,75;48,74;0,47
61,49;-0,40;1,51;-0,30;55,75;48,74;0,47
61,52;-0,40;1,51;-0,30;55,75;48,74;0,47
61,53;-0,40;1,51;-0,30;55,75;48,74;0,47
61,54;-0,40;1,51;-0,30;55,75;48,74;0,47
61,54;-0,47;1,81;1,50;55,75;48,74;0,47
61,55;-0,47;1,81;1,50;55,75;48,74;0,47
61,57;-0,47;1,81;1,50;55,75;48,74;0,47
61,59;-0,47;1,81;1,50;55,75;48,74;0,47
61,60;-1,23;1,76;2,64;55,75;48,74;0,47
61,60;-1,23;1,76;2,64;55,75;48,74;0,47
61,61;-1,23;1,76;2,64;55,75;48,74;0,47
61,63;-1,23;1,76;2,64;55,75;48,74;0,47
61,65;-1,23;1,76;2,64;55,75;48,74;0,47
61,65;0,43;0,49;3,42;55,75;48,74;0,47
61,66;0,43;0,49;3,42;55,75;48,74;0,47
61,67;0,43;0,49;3,42;55,75;48,74;0,47
61,69;0,43;0,49;3,42;55,75;48,74;0,47
61,71;0,43;0,49;3,42;55,75;48,74;0,47
61,73;0,43;0,49;3,42;55,75;48,74;0,47
61,73;-0,07;-0,93;1,19;55,75;48,74;0,47
61,74;-0,07;-0,93;1,19;55,75;48,74;0,47
61,75;-0,07;-0,93;1,19;55,75;48,74;0,47
61,77;-0,07;-0,93;1,19;55,75;48,74;0,47
61,79;-0,07;-0,93;1,19;55,75;48,74;0,47
61,79;-0,07;-0,93;1,19;55,75;48,74;0,47
61,79;-0,26;-1,57;-0,42;55,75;48,74;0,47
61,81;-0,26;-1,57;-0,42;55,75;48,74;0,47
61,83;-0,26;-1,57;-0,42;55,75;48,74;0,47
61,85;-0,26;-1,57;-0,42;55,75;48,74;0,47
61,87;-0,26;-1,57;-0,42;55,75;48,74;0,47
61,87;-0,79;-2,03;-2,43;55,75;48,74;0,47
61,87;-0,79;-2,03;-2,43;55,75;48,74;0,47
61,89;-0,79;-2,03;-2,43;55,75;48,74;0,47
61,91;-0,79;-2,03;-2,43;55,75;48,74;0,47
61,93;-0,79;-2,03;-2,43;55,75;48,74;0,47
61,93;-0,79;-2,03;-2,43;55,75;48,74;0,47
61,93;-0,02;-1,19;-3,60;55,75;48,74;0,47
61,95;-0,02;-1,19;-3,60;55,75;48,74;0,47
61,97;-0,02;-1,19;-3,60;55,75;48,74;0,47
61,99;-0,02;-1,19;-3,60;55,75;48,74;0,47
61,99;1,02;-0,53;-0,57;55,75;48,74;0,47
61,99;1,02;-0,53;-0,57;55,75;48,74;0,47
62,01;1,02;-0,53;-0,57;55,75;48,74;0,47
62,03;1,02;-0,53;-0,57;55,75;48,74;0,47
62,05;1,02;-0,53;-0,57;55,75;48,74;0,47
62,07;1,02;-0,53;-0,57;55,75;48,74;0,47
62,07;1,94;0,13;2,08;55,75;48,74;0,47
62,07;1,94;0,13;2,08;55,75;48,74;0,47
62,09;1,94;0,13;2,08;55,75;48,74;0,47
62,11;1,94;0,13;2,08;55,75;48,74;0,47
62,12;1,94;0,13;2,08;55,75;48,74;0,47
62,13;0,58;0,48;2,15;55,75;48,74;0,47
62,13;0,58;0,48;2,15;55,75;48,74;0,47
62,14;0,58;0,48;2,15;55,75;48,74;0,47
62,16;0,58;0,48;2,15;55,75;48,74;0,47
62,18;0,58;0,48;2,15;55,75;48,74;0,47
62,20;0,58;0,48;2,15;55,75;48,74;0,47
62,21;0,58;0,48;2,15;55,75;48,74;0,47
62,21;-0,12;0,52;1,90;55,75;48,74;0,47
62,22;-0,12;0,52;1,90;55,75;48,74;0,47
62,24;-0,12;0,52;1,90;55,75;48,74;0,47
62,26;-0,12;0,52;1,90;55,75;48,74;0,47
62,27;0,40;-0,29;-0,07;55,75;48,74;0,47
62,27;0,40;-0,29;-0,07;55,75;48,74;0,47
62,28;0,40;-0,29;-0,07;55,75;48,74;0,47
62,30;0,40;-0,29;-0,07;55,75;48,74;0,47
62,32;0,40;-0,29;-0,07;55,75;48,74;0,47
62,32;0,40;-0,29;-0,07;55,75;48,74;0,47
62,32;0,50;-0,58;-3,04;55,75;48,74;0,47
62,34;0,50;-0,58;-3,04;55,75;48,74;0,47
62,36;0,50;-0,58;-3,04;55,75;48,74;0,47
62,38;0,50;-0,58;-3,04;55,75;48,74;0,47
62,40;0,50;-0,58;-3,04;55,75;48,74;0,47
62,40;0,50;-0,58;-3,04;55,75;48,74;0,47
62,40;-0,11;-0,40;-0,65;55,75;48,74;0,47
62,42;-0,11;-0,40;-0,65;55,75;48,74;0,47
62,44;-0,11;-0,40;-0,65;55,75;48,74;0,47
62,46;-0,11;-0,40;-0,65;55,75;48,74;0,47
62,46;-0,13;0,47;-2,00;55,75;48,74;0,47
62,46;-0,13;0,47;-2,00;55,75;48,74;0,47
62,48;-0,13;0,47;-2,00;55,75;48,74;0,47
62,50;-0,13;0,47;-2,00;55,75;48,74;0,47
62,52;-0,13;0,47;-2,00;55,75;48,74;0,47
62,54;-0,13;0,47;-2,00;55,75;48,74;0,47
62,54;-0,13;0,47;-2,00;55,75;48,74;0,47
62,54;-0,50;0,79;-0,86;55,75;48,74;0,47
62,56;-0,50;0,79;-0,86;55,75;48,74;0,47
62,58;-0,50;0,79;-0,86;55,75;48,74;0,47
62,60;-0,50;0,79;-0,86;55,75;48,74;0,47
62,60;-0,42;0,77;-0,11;55,75;48,74;0,47
62,60;-0,42;0,77;-0,11;55,75;48,74;0,47
62,62;-0,42;0,77;-0,11;55,75;48,74;0,47
62,64;-0,42;0,77;-0,11;55,75;48,74;0,47
62,66;-0,42;0,77;-0,11;55,75;48,74;0,47
62,66;-0,42;0,77;-0,11;55,75;48,74;0,47
62,66;-0,22;1,08;0,29;55,75;48,74;0,47
62,68;-0,22;1,08;0,29;55,75;48,74;0,47
62,70;-0,22;1,08;0,29;55,75;48,74;0,47
62,71;-0,22;1,08;0,29;55,75;48,74;0,47
62,73;-0,22;1,08;0,29;55,75;48,74;0,47
62,74;-0,22;1,08;0,29;55,75;48,74;0,47
62,74;-0,92;2,59;-0,12;55,75;48,74;0,47
62,75;-0,92;2,59;-0,12;55,75;48,74;0,47
62,77;-0,92;2,59;-0,12;55,75;48,74;0,47
62,79;-0,92;2,59;-0,12;55,75;48,74;0,47
62,80;-0,89;0,74;5,58;55,75;48,74;0,47
62,80;-0,89;0,74;5,58;55,75;48,74;0,47
62,81;-0,89;0,74;5,58;55,75;48,74;0,47
62,83;-0,89;0,74;5,58;55,75;48,74;0,47
62,85;-0,89;0,74;5,58;55,75;48,74;0,47
62,85;-1,49;0,29;1,89;55,75;48,74;0,47
62,86;-1,49;0,29;1,89;55,75;48,74;0,47
62,87;-1,49;0,29;1,89;55,75;48,74;0,47
62,89;-1,49;0,29;1,89;55,75;48,74;0,47
62,91;-1,49;0,29;1,89;55,75;48,74;0,47
62,93;-1,49;0,29;1,89;55,75;48,74;0,47
62,93;-1,49;0,29;1,89;55,75;48,74;0,47
62,93;-0,01;-0,11;0,29;55,75;48,74;0,47
62,95;-0,01;-0,11;0,29;55,75;48,74;0,47
62,97;-0,01;-0,11;0,29;55,75;48,74;0,47
62,99;-0,01;-0,11;0,29;55,75;48,74;0,47
62,99;-0,30;-0,66;-2,22;55,75;48,74;0,47
62,99;-0,30;-0,66;-2,22;55,75;48,74;0,47
63,01;-0,30;-0,66;-2,22;55,75;48,74;0,47
63,03;-0,30;-0,66;-2,22;55,75;48,74;0,47
63,05;-0,30;-0,66;-2,22;55,75;48,74;0,47
63,07;-0,30;-0,66;-2,22;55,75;48,74;0,47
63,07;-0,30;-0,66;-2,22;55,75;48,74;0,47
63,07;0,24;-1,19;-3,28;55,75;48,74;0,47
63,09;0,24;-1,19;-3,28;55,75;48,74;0,47
63,11;0,24;-1,19;-3,28;55,75;48,74;0,47
63,13;0,24;-1,19;-3,28;55,75;48,74;0,47
63,13;-0,07;-1,44;-2,38;55,75;48,74;0,47
63,13;-0,07;-1,44;-2,38;55,75;48,74;0,47
63,15;-0,07;-1,44;-2,38;55,75;48,74;0,47
63,17;-0,07;-1,44;-2,38;55,75;48,74;0,47
63,19;-0,07;-1,44;-2,38;55,75;48,74;0,47
63,19;-0,07;-1,44;-2,38;55,75;48,74;0,47
63,19;1,41;-1,20;-0,72;55,75;48,74;0,47
63,21;1,41;-1,20;-0,72;55,75;48,74;0,47
63,23;1,41;-1,20;-0,72;55,75;48,74;0,47
63,25;1,41;-1,20;-0,72;55,75;48,74;0,47
63,27;1,41;-1,20;-0,72;55,75;48,74;0,47
63,27;1,41;-1,20;-0,72;55,75;48,74;0,47
63,27;2,70;-0,24;1,06;55,75;48,74;0,47
63,29;2,70;-0,24;1,06;55,75;48,74;0,47
63,30;2,70;-0,24;1,06;55,75;48,74;0,47
63,32;2,70;-0,24;1,06;55,75;48,74;0,47
63,33;2,70;-0,24;1,06;55,75;48,74;0,47
63,33;2,26;0,72;3,72;55,75;48,74;0,47
63,34;2,26;0,72;3,72;55,75;48,74;0,47
63,36;2,26;0,72;3,72;55,75;48,74;0,47
63,38;2,26;0,72;3,72;55,75;48,74;0,47
63,40;2,26;0,72;3,72;55,75;48,74;0,47
63,40;2,26;0,72;3,72;55,75;48,74;0,47
63,40;4,26;0,45;2,88;55,75;48,74;0,47
63,42;4,26;0,45;2,88;55,75;48,74;0,47
63,44;4,26;0,45;2,88;55,75;48,74;0,47
63,46;4,26;0,45;2,88;55,75;48,74;0,47
63,46;0,05;-0,51;-2,18;55,75;48,74;0,47
63,47;0,05;-0,51;-2,18;55,75;48,74;0,47
63,48;0,05;-0,51;-2,18;55,75;48,74;0,47
63,50;0,05;-0,51;-2,18;55,75;48,74;0,47
63,52;0,05;-0,51;-2,18;55,75;48,74;0,47
63,52;-5,25;-0,57;-3,66;55,75;48,74;0,47
63,52;-5,25;-0,57;-3,66;55,75;48,74;0,47
63,54;-5,25;-0,57;-3,66;55,75;48,74;0,47
63,56;-5,25;-0,57;-3,66;55,75;48,74;0,47
63,58;-5,25;-0,57;-3,66;55,75;48,74;0,47
63,60;-5,25;-0,57;-3,66;55,75;48,74;0,47
63,60;-2,68;0,10;-2,38;55,75;48,74;0,47
63,60;-2,68;0,10;-2,38;55,75;48,74;0,47
63,62;-2,68;0,10;-2,38;55,75;48,74;0,47
63,64;-2,68;0,10;-2,38;55,75;48,74;0,47
63,66;-2,68;0,10;-2,38;55,75;48,74;0,47
63,66;-1,50;0,41;0,68;55,75;48,74;0,47
63,66;-1,50;0,41;0,68;55,75;48,74;0,47
63,68;-1,50;0,41;0,68;55,75;48,74;0,47
63,70;-1,50;0,41;0,68;55,75;48,74;0,47
63,72;-1,50;0,41;0,68;55,75;48,74;0,47
63,74;-1,50;0,41;0,68;55,75;48,74;0,47
63,74;-1,50;0,41;0,68;55,75;48,74;0,47
63,74;-1,85;1,36;2,87;55,75;48,74;0,47
63,76;-1,85;1,36;2,87;55,75;48,74;0,47
63,78;-1,85;1,36;2,87;55,75;48,74;0,47
63,80;-1,85;1,36;2,87;55,75;48,74;0,47
63,80;-0,65;0,60;6,61;55,75;48,74;0,47
63,80;-0,65;0,60;6,61;55,75;48,74;0,47
63,82;-0,65;0,60;6,61;55,75;48,74;0,47
63,84;-0,65;0,60;6,61;55,75;48,74;0,47
63,86;-0,65;0,60;6,61;55,75;48,74;0,47
63,86;-0,65;0,60;6,61;55,75;48,74;0,47
63,86;2,40;-3,38;6,15;55,75;48,74;0,47
63,88;2,40;-3,38;6,15;55,75;48,74;0,47
63,89;2,40;-3,38;6,15;55,75;48,74;0,47
63,91;2,40;-3,38;6,15;55,75;48,74;0,47
63,93;2,40;-3,38;6,15;55,75;48,74;0,47
63,93;2,40;-3,38;6,15;55,75;48,74;0,47
63,93;0,41;-1,28;-4,39;55,75;48,74;0,47
63,96;0,41;-1,28;-4,39;55,75;48,74;0,47
63,97;0,41;-1,28;-4,39;55,75;48,74;0,47
63,99;0,41;-1,28;-4,39;55,75;48,74;0,71
63,99;1,28;-0,49;-5,12;55,75;48,74;0,71
63,99;1,28;-0,49;-5,12;55,75;48,74;0,71
64,01;1,28;-0,49;-5,12;55,75;48,74;0,71
64,03;1,28;-0,49;-5,12;55,75;48,74;0,71
64,05;1,28;-0,49;-5,12;55,75;48,74;0,71
64,05;-0,26;-0,42;-1,88;55,75;48,74;0,71
64,05;-0,26;-0,42;-1,88;55,75;48,74;0,71
64,07;-0,26;-0,42;-1,88;55,75;48,74;0,71
64,09;-0,26;-0,42;-1,88;55,75;48,74;0,71
64,11;-0,26;-0,42;-1,88;55,75;48,74;0,71
64,13;-0,26;-0,42;-1,88;55,75;48,74;0,71
64,13;-1,46;-0,23;-1,36;55,75;48,74;0,71
64,13;-1,46;-0,23;-1,36;55,75;48,74;0,71
64,15;-1,46;-0,23;-1,36;55,75;48,74;0,71
64,17;-1,46;-0,23;-1,36;55,75;48,74;0,71
64,19;-1,46;-0,23;-1,36;55,75;48,74;0,71
64,19;-0,55;0,06;0,27;55,75;48,74;0,71
64,19;-0,55;0,06;0,27;55,75;48,74;0,71
64,21;-0,55;0,06;0,27;55,75;48,74;0,71
64,23;-0,55;0,06;0,27;55,75;48,74;0,71
64,25;-0,55;0,06;0,27;55,75;48,74;0,71
64,27;-0,55;0,06;0,27;55,75;48,74;0,71
64,27;2,74;0,64;0,51;55,75;48,74;0,71
64,27;2,74;0,64;0,51;55,75;48,74;0,71
64,29;2,74;0,64;0,51;55,75;48,74;0,71
64,31;2,74;0,64;0,51;55,75;48,74;0,71
64,33;2,74;0,64;0,51;55,75;48,74;0,71
64,33;2,74;0,64;0,51;55,75;48,74;0,71
64,33;2,38;-0,63;3,94;55,75;48,74;0,71
64,35;2,38;-0,63;3,94;55,75;48,74;0,71
64,37;2,38;-0,63;3,94;55,75;48,74;0,71
64,39;2,38;-0,63;3,94;55,75;48,74;0,71
64,39;3,79;-2,01;4,03;55,75;48,74;0,71
64,39;3,79;-2,01;4,03;55,75;48,74;0,71
64,41;3,79;-2,01;4,03;55,75;48,74;0,71
64,43;3,79;-2,01;4,03;55,75;48,74;0,71
64,45;3,79;-2,01;4,03;55,75;48,74;0,71
64,47;3,79;-2,01;4,03;55,75;48,74;0,71
64,47;1,18;-0,83;-4,42;55,75;48,74;0,71
64,47;1,18;-0,83;-4,42;55,75;48,74;0,71
64,48;1,18;-0,83;-4,42;55,75;48,74;0,71
64,50;1,18;-0,83;-4,42;55,75;48,74;0,71
64,52;1,18;-0,83;-4,42;55,75;48,74;0,71
64,53;-3,41;-2,02;-2,49;55,75;48,74;0,71
64,53;-3,41;-2,02;-2,49;55,75;48,74;0,71
64,54;-3,41;-2,02;-2,49;55,75;48,74;0,71
64,56;-3,41;-2,02;-2,49;55,75;48,74;0,71
64,58;-3,41;-2,02;-2,49;55,75;48,74;0,71
64,60;-3,41;-2,02;-2,49;55,75;48,74;0,71
64,60;-3,41;-2,02;-2,49;55,75;48,74;0,71
64,61;-1,64;-1,18;-2,83;55,75;48,74;0,71
64,62;-1,64;-1,18;-2,83;55,75;48,74;0,71
64,64;-1,64;-1,18;-2,83;55,75;48,74;0,71
64,66;-1,64;-1,18;-2,83;55,75;48,74;0,71
64,66;-1,64;-1,18;-2,83;55,75;48,74;0,71
64,66;-1,40;0,45;-1,64;55,75;48,74;0,71
64,68;-1,40;0,45;-1,64;55,75;48,74;0,71
64,70;-1,40;0,45;-1,64;55,75;48,74;0,71
64,72;-0,78;2,65;0,98;55,75;48,74;0,71
64,72;-0,78;2,65;0,98;55,75;48,74;0,71
64,72;-0,78;2,65;0,98;55,75;48,74;0,71
64,74;-0,78;2,65;0,98;55,75;48,74;0,71
64,76;-0,78;2,65;0,98;55,75;48,74;0,71
64,78;-0,78;2,65;0,98;55,75;48,74;0,71
64,80;-0,78;2,65;0,98;55,75;48,74;0,71
64,80;-0,78;2,65;0,98;55,75;48,74;0,71
64,80;-0,71;2,70;5,95;55,75;48,74;0,71
64,82;-0,71;2,70;5,95;55,75;48,74;0,71
64,84;-0,71;2,70;5,95;55,75;48,74;0,71
64,86;-0,71;2,70;5,95;55,75;48,74;0,71
64,86;-0,03;-1,44;6,43;55,75;48,74;0,71
64,86;-0,03;-1,44;6,43;55,75;48,74;0,71
64,88;-0,03;-1,44;6,43;55,75;48,74;0,71
64,90;-0,03;-1,44;6,43;55,75;48,74;0,71
64,92;-0,03;-1,44;6,43;55,75;48,74;0,71
64,94;-0,03;-1,44;6,43;55,75;48,74;0,71
64,94;-0,03;-1,44;6,43;55,75;48,74;0,71
64,94;-0,45;-0,93;-0,89;55,75;48,74;0,71
64,96;-0,45;-0,93;-0,89;55,75;48,74;0,71
64,98;-0,45;-0,93;-0,89;55,75;48,74;0,71
65,00;-0,45;-0,93;-0,89;55,75;48,74;0,71
65,00;-0,45;-0,93;-0,89;55,75;48,74;0,71
65,00;0,45;-1,46;-2,93;55,75;48,74;0,71
65,02;0,45;-1,46;-2,93;55,75;48,74;0,71
65,04;0,45;-1,46;-2,93;55,75;48,74;0,71
65,06;0,45;-1,46;-2,93;55,75;48,74;0,71
65,06;-1,18;-1,73;-4,35;55,75;48,74;0,71
65,06;-1,18;-1,73;-4,35;55,75;48,74;0,71
65,07;-1,18;-1,73;-4,35;55,75;48,74;0,71
65,09;-1,18;-1,73;-4,35;55,75;48,74;0,71
65,11;-1,18;-1,73;-4,35;55,75;48,74;0,71
65,13;-1,18;-1,73;-4,35;55,75;48,74;0,71
65,13;-1,18;-1,73;-4,35;55,75;48,74;0,71
65,13;-0,37;-0,48;-2,84;55,75;48,74;0,71
65,15;-0,37;-0,48;-2,84;55,75;48,74;0,71
65,17;-0,37;-0,48;-2,84;55,75;48,74;0,71
65,19;-0,37;-0,48;-2,84;55,75;48,74;0,71
65,20;-0,37;-0,48;-2,84;55,75;48,74;0,71
65,20;-0,45;0,24;-0,04;55,75;48,74;0,71
65,21;-0,45;0,24;-0,04;55,75;48,74;0,71
65,23;-0,45;0,24;-0,04;55,75;48,74;0,71
65,26;-0,45;0,24;-0,04;55,75;48,74;0,71
65,26;-0,45;0,24;-0,04;55,75;48,74;0,71
65,26;-0,63;1,01;1,04;55,75;48,74;0,71
65,27;-0,63;1,01;1,04;55,75;48,74;0,71
65,29;-0,63;1,01;1,04;55,75;48,74;0,71
65,31;-0,63;1,01;1,04;55,75;48,74;0,71
65,33;-0,63;1,01;1,04;55,75;48,74;0,71
65,33;-0,63;1,01;1,04;55,75;48,74;0,71
65,33;-0,18;3,13;3,21;55,75;48,74;0,71
65,35;-0,18;3,13;3,21;55,75;48,74;0,71
65,37;-0,18;3,13;3,21;55,75;48,74;0,71
65,39;-0,18;3,13;3,21;55,75;48,74;0,71
65,39;2,14;0,73;3,88;55,75;48,74;0,71
65,39;2,14;0,73;3,88;55,75;48,74;0,71
65,41;2,14;0,73;3,88;55,75;48,74;0,71
65,43;2,14;0,73;3,88;55,75;48,74;0,71
65,45;2,14;0,73;3,88;55,75;48,74;0,71
65,47;2,14;0,73;3,88;55,75;48,74;0,71
65,47;2,14;0,73;3,88;55,75;48,74;0,71
65,47;0,33;-2,61;1,20;55,75;48,74;0,71
65,49;0,33;-2,61;1,20;55,75;48,74;0,71
65,51;0,33;-2,61;1,20;55,75;48,74;0,71
65,53;0,33;-0,27;-1,17;55,75;48,74;0,71
65,53;0,33;-0,27;-1,17;55,75;48,74;0,71
65,53;0,33;-0,27;-1,17;55,75;48,74;0,71
65,55;0,33;-0,27;-1,17;55,75;48,74;0,71
65,57;0,33;-0,27;-1,17;55,75;48,74;0,71
65,59;-0,89;-1,47;-1,63;55,75;48,74;0,71
65,59;-0,89;-1,47;-1,63;55,75;48,74;0,71
65,59;-0,89;-1,47;-1,63;55,75;48,74;0,71
65,61;-0,89;-1,47;-1,63;55,75;48,74;0,71
65,63;-0,89;-1,47;-1,63;55,75;48,74;0,71
65,65;-0,89;-1,47;-1,63;55,75;48,74;0,71
65,67;-0,89;-1,47;-1,63;55,75;48,74;0,71
65,67;-0,89;-1,47;-1,63;55,75;48,74;0,71
65,67;-1,32;-3,17;-2,23;55,75;48,74;0,71
65,68;-1,32;-3,17;-2,23;55,75;48,74;0,71
65,70;-1,32;-3,17;-2,23;55,75;48,74;0,71
65,72;-1,32;-3,17;-2,23;55,75;48,74;0,71
65,73;-1,32;-3,17;-2,23;55,75;48,74;0,71
65,73;2,70;-2,72;-2,93;55,75;48,74;0,71
65,74;2,70;-2,72;-2,93;55,75;48,74;0,71
65,76;2,70;-2,72;-2,93;55,75;48,74;0,71
65,78;2,70;-2,72;-2,93;55,75;48,74;0,71
65,80;2,70;-2,72;-2,93;55,75;48,74;0,71
65,80;0,73;1,53;-1,66;55,75;48,74;0,71
65,80;0,73;1,53;-1,66;55,75;48,74;0,71
65,82;0,73;1,53;-1,66;55,75;48,74;0,71
65,84;0,73;1,53;-1,66;55,75;48,74;0,71
65,86;0,73;1,53;-1,66;55,75;48,74;0,71
65,86;-0,61;4,17;0,95;55,75;48,74;0,71
65,86;-0,61;4,17;0,95;55,75;48,74;0,71
65,88;-0,61;4,17;0,95;55,75;48,74;0,71
65,90;-0,61;4,17;0,95;55,75;48,74;0,71
65,92;-0,61;4,17;0,95;55,75;48,74;0,71
65,92;-1,43;2,76;5,06;55,75;48,74;0,71
65,92;-1,43;2,76;5,06;55,75;48,74;0,71
65,94;-1,43;2,76;5,06;55,75;48,74;0,71
65,96;-1,43;2,76;5,06;55,75;48,74;0,71
65,98;-1,43;2,76;5,06;55,75;48,74;0,91
66,00;-1,43;2,76;5,06;55,75;48,74;0,91
66,00;-1,43;2,76;5,06;55,75;48,74;0,91
66,00;-1,85;0,02;1,92;55,75;48,74;0,91
66,02;-1,85;0,02;1,92;55,75;48,74;0,91
66,04;-1,85;0,02;1,92;55,75;48,74;0,91
66,06;-1,85;0,02;1,92;55,75;48,74;0,91
66,06;0,22;-1,06;0,77;55,75;48,74;0,91
66,06;0,22;-1,06;0,77;55,75;48,74;0,91
66,08;0,22;-1,06;0,77;55,75;48,74;0,91
66,10;0,22;-1,06;0,77;55,75;48,74;0,91
66,12;0,22;-1,06;0,77;55,75;48,74;0,91
66,14;0,22;-1,06;0,77;55,75;48,74;0,91
66,14;0,22;-1,06;0,77;55,75;48,74;0,91
66,14;-0,99;-2,03;-1,25;55,75;48,74;0,91
66,16;-0,99;-2,03;-1,25;55,75;48,74;0,91
66,18;-0,99;-2,03;-1,25;55,75;48,74;0,91
66,20;-0,99;-2,03;-1,25;55,75;48,74;0,91
66,20;-0,99;-2,03;-1,25;55,75;48,74;0,91
66,20;-0,68;-2,57;-4,23;55,75;48,74;0,91
66,22;-0,68;-2,57;-4,23;55,75;48,74;0,91
66,24;-0,68;-2,57;-4,23;55,75;48,74;0,91
66,26;-0,68;-2,57;-4,23;55,75;48,74;0,91
66,26;-0,68;-2,57;-4,23;55,75;48,74;0,91
66,26;0,27;-0,97;-4,51;55,75;48,74;0,91
66,27;0,27;-0,97;-4,51;55,75;48,74;0,91
66,29;0,27;-0,97;-4,51;55,75;48,74;0,91
66,31;0,27;-0,97;-4,51;55,75;48,74;0,91
66,33;0,27;-0,97;-4,51;55,75;48,74;0,91
66,33;0,27;-0,97;-4,51;55,75;48,74;0,91
66,34;0,24;0,82;0,39;55,75;48,74;0,91
66,35;0,24;0,82;0,39;55,75;48,74;0,91
66,37;0,24;0,82;0,39;55,75;48,74;0,91
66,39;0,24;0,82;0,39;55,75;48,74;0,91
66,40;1,96;3,19;2,91;55,75;48,74;0,91
66,40;1,96;3,19;2,91;55,75;48,74;0,91
66,41;1,96;3,19;2,91;55,75;48,74;0,91
66,43;1,96;3,19;2,91;55,75;48,74;0,91
66,45;1,96;3,19;2,91;55,75;48,74;0,91
66,47;1,96;3,19;2,91;55,75;48,74;0,91
66,47;2,96;2,68;3,76;55,75;48,74;0,91
66,47;2,96;2,68;3,76;55,75;48,74;0,91
66,49;2,96;2,68;3,76;55,75;48,74;0,91
66,51;2,96;2,68;3,76;55,75;48,74;0,91
66,53;2,96;2,68;3,76;55,75;48,74;0,91
66,53;0,93;-1,96;3,40;55,75;48,74;0,91
66,53;0,93;-1,96;3,40;55,75;48,74;0,91
66,55;0,93;-1,96;3,40;55,75;48,74;0,91
66,57;0,93;-1,96;3,40;55,75;48,74;0,91
66,59;0,93;-1,96;3,40;55,75;48,74;0,91
66,59;1,48;-2,65;0,57;55,75;48,74;0,91
66,59;1,48;-2,65;0,57;55,75;48,74;0,91
66,61;1,48;-2,65;0,57;55,75;48,74;0,91
66,63;1,48;-2,65;0,57;55,75;48,74;0,91
66,65;1,48;-2,65;0,57;55,75;48,74;0,91
66,67;1,48;-2,65;0,57;55,75;48,74;0,91
66,67;1,48;-2,65;0,57;55,75;48,74;0,91
66,67;0,07;-1,92;-2,96;55,75;48,74;0,91
66,69;0,07;-1,92;-2,96;55,75;48,74;0,91
66,71;0,07;-1,92;-2,96;55,75;48,74;0,91
66,73;0,07;-1,92;-2,96;55,75;48,74;0,91
66,73;0,07;-1,92;-2,96;55,75;48,74;0,91
66,73;-2,37;-1,47;-3,41;55,75;48,74;0,91
66,75;-2,37;-1,47;-3,41;55,75;48,74;0,91
66,77;-2,37;-1,47;-3,41;55,75;48,74;0,91
66,79;-2,37;-1,47;-3,41;55,75;48,74;0,91
66,79;-2,37;-1,47;-3,41;55,75;48,74;0,91
66,79;-1,21;-0,33;-2,66;55,75;48,74;0,91
66,81;-1,21;-0,33;-2,66;55,75;48,74;0,91
66,83;-1,21;-0,33;-2,66;55,75;48,74;0,91
66,85;-1,21;-0,33;-2,66;55,75;48,74;0,91
66,86;-1,21;-0,33;-2,66;55,75;48,74;0,91
66,87;-1,21;-0,33;-2,66;55,75;48,74;0,91
66,87;-1,16;1,65;-0,92;55,75;48,74;0,91
66,88;-1,16;1,65;-0,92;55,75;48,74;0,91
66,90;-1,16;1,65;-0,92;55,75;48,74;0,91
66,93;-1,16;1,65;-0,92;55,75;48,74;0,91
66,93;-1,16;1,65;-0,92;55,75;48,74;0,91
66,93;-0,33;2,93;2,67;55,75;48,74;0,91
66,94;-0,33;2,93;2,67;55,75;48,74;0,91
66,96;-0,33;2,93;2,67;55,75;48,74;0,91
66,98;-0,33;2,93;2,67;55,75;48,74;0,91
67,00;-0,33;2,93;2,67;55,75;48,74;1,11
67,00;-0,33;2,93;2,67;55,75;48,74;1,11
67,00;-0,11;2,34;4,29;55,75;48,74;1,11
67,02;-0,11;2,34;4,29;55,75;48,74;1,11
67,04;-0,11;2,34;4,29;55,75;48,74;1,11
67,06;-0,11;2,34;4,29;55,75;48,74;1,11
67,06;-1,57;-0,51;3,78;55,75;48,74;1,11
67,06;-1,57;-0,51;3,78;55,75;48,74;1,11
67,08;-1,57;-0,51;3,78;55,75;48,74;1,11
67,10;-1,57;-0,51;3,78;55,75;48,74;1,11
67,12;-1,57;-0,51;3,78;55,75;48,74;1,11
67,12;-1,57;-0,51;3,78;55,75;48,74;1,11
67,12;-1,12;-1,42;0,66;55,75;48,74;1,11
67,14;-1,12;-1,42;0,66;55,75;48,74;1,11
67,16;-1,12;-1,42;0,66;55,75;48,74;1,11
67,18;-1,12;-1,42;0,66;55,75;48,74;1,11
67,20;0,63;-1,68;-1,09;55,75;48,74;1,11
67,20;0,63;-1,68;-1,09;55,75;48,74;1,11
67,20;0,63;-1,68;-1,09;55,75;48,74;1,11
67,22;0,63;-1,68;-1,09;55,75;48,74;1,11
67,24;0,63;-1,68;-1,09;55,75;48,74;1,11
67,26;0,63;-1,68;-1,09;55,75;48,74;1,11
67,26;0,63;-1,68;-1,09;55,75;48,74;1,11
67,26;0,85;-1,35;-3,50;55,75;48,74;1,11
67,28;0,85;-1,35;-3,50;55,75;48,74;1,11
67,30;0,85;-1,35;-3,50;55,75;48,74;1,11
67,32;0,85;-1,35;-3,50;55,75;48,74;1,11
67,34;0,85;-1,35;-3,50;55,75;48,74;1,11
67,34;0,85;-1,35;-3,50;55,75;48,74;1,11
67,34;0,23;-0,38;-3,65;55,75;48,74;1,11
67,36;0,23;-0,38;-3,65;55,75;48,74;1,11
67,38;0,23;-0,38;-3,65;55,75;48,74;1,11
67,40;0,23;-0,38;-3,65;55,75;48,74;1,11
67,40;0,23;-0,38;-3,65;55,75;48,74;1,11
67,40;-1,14;-0,23;-1,02;55,75;48,74;1,11
67,42;-1,14;-0,23;-1,02;55,75;48,74;1,11
67,44;-1,14;-0,23;-1,02;55,75;48,74;1,11
67,46;-1,14;-0,23;-1,02;55,75;48,74;1,11
67,46;0,26;1,22;0,82;55,75;48,74;1,11
67,46;0,26;1,22;0,82;55,75;48,74;1,11
67,48;0,26;1,22;0,82;55,75;48,74;1,11
67,49;0,26;1,22;0,82;55,75;48,74;1,11
67,51;0,26;1,22;0,82;55,75;48,74;1,11
67,53;0,26;1,22;0,82;55,75;48,74;1,11
67,54;0,26;1,22;0,82;55,75;48,74;1,11
67,54;2,15;2,02;2,81;55,75;48,74;1,11
67,55;2,15;2,02;2,81;55,75;48,74;1,11
67,57;2,15;2,02;2,81;55,75;48,74;1,11
67,59;2,15;2,02;2,81;55,75;48,74;1,11
67,59;2,15;2,02;2,81;55,75;48,74;1,11
67,60;2,79;0,18;3,52;55,75;48,74;1,11
67,61;2,79;0,18;3,52;55,75;48,74;1,11
67,63;2,79;0,18;3,52;55,75;48,74;1,11
67,65;2,79;0,18;3,52;55,75;48,74;1,11
67,67;2,79;0,18;3,52;55,75;48,74;1,11
67,67;2,79;0,18;3,52;55,75;48,74;1,11
67,67;1,77;-1,42;1,56;55,75;48,74;1,11
67,69;1,77;-1,42;1,56;55,75;48,74;1,11
67,71;1,77;-1,42;1,56;55,75;48,74;1,11
67,73;1,77;-1,42;1,56;55,75;48,74;1,11
67,73;0,90;-1,15;-1,86;55,75;48,74;1,11
67,73;0,90;-1,15;-1,86;55,75;48,74;1,11
67,75;0,90;-1,15;-1,86;55,75;48,74;1,11
67,77;0,90;-1,15;-1,86;55,75;48,74;1,11
67,79;0,90;-1,15;-1,86;55,75;48,74;1,11
67,79;-2,69;-1,29;-2,84;55,75;48,74;1,11
67,79;-2,69;-1,29;-2,84;55,75;48,74;1,11
67,81;-2,69;-1,29;-2,84;55,75;48,74;1,11
67,83;-2,69;-1,29;-2,84;55,75;48,74;1,11
67,85;-2,69;-1,29;-2,84;55,75;48,74;1,11
67,87;-2,69;-1,29;-2,84;55,75;48,74;1,11
67,87;-2,69;-1,29;-2,84;55,75;48,74;1,11
67,87;-2,08;-0,41;-4,36;55,75;48,74;1,11
67,89;-2,08;-0,41;-4,36;55,75;48,74;1,11
67,91;-2,08;-0,41;-4,36;55,75;48,74;1,11
67,93;-2,08;-0,41;-4,36;55,75;48,74;1,11
67,93;-2,38;0,67;-2,41;55,75;48,74;1,11
67,93;-2,38;0,67;-2,41;55,75;48,74;1,11
67,95;-2,38;0,67;-2,41;55,75;48,74;1,11
67,97;-2,38;0,67;-2,41;55,75;48,74;1,11
67,99;-2,38;0,67;-2,41;55,75;48,74;1,11
67,99;-1,60;2,45;0,71;55,75;48,74;0,93
67,99;-1,60;2,45;0,71;55,75;48,74;0,93
68,01;-1,60;2,45;0,71;55,75;48,74;0,93
68,03;-1,60;2,45;0,71;55,75;48,74;0,93
68,04;-1,60;2,45;0,71;55,75;48,74;0,93
68,07;-1,60;2,45;0,71;55,75;48,74;0,93
68,07;0,00;1,16;10,62;55,75;48,74;0,93
68,07;0,00;1,16;10,62;55,75;48,74;0,93
68,08;0,00;1,16;10,62;55,75;48,74;0,93
68,10;0,00;1,16;10,62;55,75;48,74;0,93
68,12;0,00;1,16;10,62;55,75;48,74;0,93
68,13;0,00;1,16;10,62;55,75;48,74;0,93
68,13;-0,15;-0,28;4,45;55,75;48,74;0,93
68,14;-0,15;-0,28;4,45;55,75;48,74;0,93
68,16;-0,15;-0,28;4,45;55,75;48,74;0,93
68,18;-0,15;-0,28;4,45;55,75;48,74;0,93
68,20;-0,15;-0,28;4,45;55,75;48,74;0,93
68,20;1,62;-1,67;1,85;55,75;48,74;0,93
68,21;1,62;-1,67;1,85;55,75;48,74;0,93
68,22;1,62;-1,67;1,85;55,75;48,74;0,93
68,24;1,62;-1,67;1,85;55,75;48,74;0,93
68,26;1,62;-1,67;1,85;55,75;48,74;0,93
68,26;0,03;-4,36;-0,92;55,75;48,74;0,93
68,26;0,03;-4,36;-0,92;55,75;48,74;0,93
68,28;0,03;-4,36;-0,92;55,75;48,74;0,93
68,30;0,03;-4,36;-0,92;55,75;48,74;0,93
68,32;0,03;-4,36;-0,92;55,75;48,74;0,93
68,32;0,03;-4,36;-0,92;55,75;48,74;0,93
68,32;-0,76;-3,03;-5,98;55,75;48,74;0,93
68,34;-0,76;-3,03;-5,98;55,75;48,74;0,93
68,36;-0,76;-3,03;-5,98;55,75;48,74;0,93
68,38;-0,76;-3,03;-5,98;55,75;48,74;0,93
68,40;0,84;-0,89;-4,57;55,75;48,74;0,93
68,40;0,84;-0,89;-4,57;55,75;48,74;0,93
68,40;0,84;-0,89;-4,57;55,75;48,74;0,93
68,42;0,84;-0,89;-4,57;55,75;48,74;0,93
68,44;0,84;-0,89;-4,57;55,75;48,74;0,93
68,46;0,84;-0,89;-4,57;55,75;48,74;0,93
68,46;0,43;0,57;-1,08;55,75;48,74;0,93
68,46;0,43;0,57;-1,08;55,75;48,74;0,93
68,48;0,43;0,57;-1,08;55,75;48,74;0,93
68,50;0,43;0,57;-1,08;55,75;48,74;0,93
68,52;0,43;0,57;-1,08;55,75;48,74;0,93
68,54;0,43;0,57;-1,08;55,75;48,74;0,93
68,54;2,19;1,42;3,94;55,75;48,74;0,93
68,54;2,19;1,42;3,94;55,75;48,74;0,93
68,56;2,19;1,42;3,94;55,75;48,74;0,93
68,58;2,19;1,42;3,94;55,75;48,74;0,93
68,60;2,19;1,42;3,94;55,75;48,74;0,93
68,60;2,19;1,42;3,94;55,75;48,74;0,93
68,60;2,05;1,50;1,84;55,75;48,74;0,93
68,62;2,05;1,50;1,84;55,75;48,74;0,93
68,64;2,05;1,50;1,84;55,75;48,74;0,93
68,65;1,02;-0,54;4,02;55,75;48,74;0,93
68,66;1,02;-0,54;4,02;55,75;48,74;0,93
68,66;1,02;-0,54;4,02;55,75;48,74;0,93
68,67;1,02;-0,54;4,02;55,75;48,74;0,93
68,70;1,02;-0,54;4,02;55,75;48,74;0,93
68,71;1,02;-0,54;4,02;55,75;48,74;0,93
68,73;1,02;-0,54;4,02;55,75;48,74;0,93
68,73;1,02;-0,54;4,02;55,75;48,74;0,93
68,74;-0,06;-1,70;-0,16;55,75;48,74;0,93
68,75;-0,06;-1,70;-0,16;55,75;48,74;0,93
68,77;-0,06;-1,70;-0,16;55,75;48,74;0,93
68,79;-0,06;-1,70;-0,16;55,75;48,74;0,93
68,79;-1,19;-1,05;-3,82;55,75;48,74;0,93
68,80;-1,19;-1,05;-3,82;55,75;48,74;0,93
68,81;-1,19;-1,05;-3,82;55,75;48,74;0,93
68,83;-1,19;-1,05;-3,82;55,75;48,74;0,93
68,85;-1,19;-1,05;-3,82;55,75;48,74;0,93
68,87;-1,19;-1,05;-3,82;55,75;48,74;0,93
68,87;-1,12;-0,69;-3,87;55,75;48,74;0,93
68,87;-1,12;-0,69;-3,87;55,75;48,74;0,93
68,89;-1,12;-0,69;-3,87;55,75;48,74;0,93
68,91;-1,12;-0,69;-3,87;55,75;48,74;0,93
68,93;-1,12;-0,69;-3,87;55,75;48,74;0,93
68,93;-0,47;0,07;-2,23;55,75;48,74;0,93
68,93;-0,47;0,07;-2,23;55,75;48,74;0,93
68,95;-0,47;0,07;-2,23;55,75;48,74;0,93
68,97;-0,47;0,07;-2,23;55,75;48,74;0,93
68,99;-0,47;0,07;-2,23;55,75;48,74;0,39
68,99;-0,47;0,07;-2,23;55,75;48,74;0,39
68,99;-0,46;0,84;-0,68;55,75;48,74;0,39
69,01;-0,46;0,84;-0,68;55,75;48,74;0,39
69,03;-0,46;0,84;-0,68;55,75;48,74;0,39
69,05;-0,46;0,84;-0,68;55,75;48,74;0,39
69,07;-0,46;0,84;-0,68;55,75;48,74;0,39
69,07;-0,46;0,84;-0,68;55,75;48,74;0,39
69,07;-0,85;2,16;0,87;55,75;48,74;0,39
69,09;-0,85;2,16;0,87;55,75;48,74;0,39
69,11;-0,85;2,16;0,87;55,75;48,74;0,39
69,13;-0,85;2,16;0,87;55,75;48,74;0,39
69,13;0,15;3,10;3,09;55,75;48,74;0,39
69,13;0,15;3,10;3,09;55,75;48,74;0,39
69,15;0,15;3,10;3,09;55,75;48,74;0,39
69,17;0,15;3,10;3,09;55,75;48,74;0,39
69,19;0,15;3,10;3,09;55,75;48,74;0,39
69,19;0,15;3,10;3,09;55,75;48,74;0,39
69,19;0,75;0,22;5,09;55,75;48,74;0,39
69,21;0,75;0,22;5,09;55,75;48,74;0,39
69,22;0,75;0,22;5,09;55,75;48,74;0,39
69,24;0,75;0,22;5,09;55,75;48,74;0,39
69,26;0,75;0,22;5,09;55,75;48,74;0,39
69,27;-1,64;-1,14;-0,84;55,75;48,74;0,39
69,27;-1,64;-1,14;-0,84;55,75;48,74;0,39
69,28;-1,64;-1,14;-0,84;55,75;48,74;0,39
69,30;-1,64;-1,14;-0,84;55,75;48,74;0,39
69,32;-1,64;-1,14;-0,84;55,75;48,74;0,39
69,32;-2,34;-1,28;-0,75;55,75;48,74;0,39
69,33;-2,34;-1,28;-0,75;55,75;48,74;0,39
69,34;-2,34;-1,28;-0,75;55,75;48,74;0,39
69,36;-2,34;-1,28;-0,75;55,75;48,74;0,39
69,38;-2,34;-1,28;-0,75;55,75;48,74;0,39
69,40;-2,34;-1,28;-0,75;55,75;48,74;0,39
69,40;-0,83;-1,57;1,34;55,75;48,74;0,39
69,40;-0,83;-1,57;1,34;55,75;48,74;0,39
69,42;-0,83;-1,57;1,34;55,75;48,74;0,39
69,44;-0,83;-1,57;1,34;55,75;48,74;0,39
69,46;-0,83;-1,57;1,34;55,75;48,74;0,39
69,46;-0,83;-1,57;1,34;55,75;48,74;0,39
69,46;-0,86;-1,06;-2,95;55,75;48,74;0,39
69,48;-0,86;-1,06;-2,95;55,75;48,74;0,39
69,50;-0,86;-1,06;-2,95;55,75;48,74;0,39
69,52;-0,86;-1,06;-2,95;55,75;48,74;0,39
69,52;-0,86;-1,06;-2,95;55,75;48,74;0,39
69,52;-0,71;-0,66;-2,91;55,75;48,74;0,39
69,54;-0,71;-0,66;-2,91;55,75;48,74;0,39
69,56;-0,71;-0,66;-2,91;55,75;48,74;0,39
69,58;-0,71;-0,66;-2,91;55,75;48,74;0,39
69,60;-0,71;-0,66;-2,91;55,75;48,74;0,39
69,60;-0,71;-0,66;-2,91;55,75;48,74;0,39
69,60;0,49;-0,05;-1,34;55,75;48,74;0,39
69,62;0,49;-0,05;-1,34;55,75;48,74;0,39
69,64;0,49;-0,05;-1,34;55,75;48,74;0,39
69,66;0,49;-0,05;-1,34;55,75;48,74;0,39
69,66;0,49;-0,05;-1,34;55,75;48,74;0,39
69,66;3,10;1,79;-0,12;55,75;48,74;0,39
69,68;3,10;1,79;-0,12;55,75;48,74;0,39
69,70;3,10;1,79;-0,12;55,75;48,74;0,39
69,72;3,10;1,79;-0,12;55,75;48,74;0,39
69,74;3,10;1,79;-0,12;55,75;48,74;0,39
69,74;3,10;1,79;-0,12;55,75;48,74;0,39
69,74;-0,51;2,43;3,19;55,75;48,74;0,39
69,76;-0,51;2,43;3,19;55,75;48,74;0,39
69,78;-0,51;2,43;3,19;55,75;48,74;0,39
69,80;-0,51;2,43;3,19;55,75;48,74;0,39
69,80;-0,51;2,43;3,19;55,75;48,74;0,39
69,80;1,85;0,86;1,49;55,75;48,74;0,39
69,81;1,85;0,86;1,49;55,75;48,74;0,39
69,83;1,85;0,86;1,49;55,75;48,74;0,39
69,85;1,85;0,86;1,49;55,75;48,74;0,39
69,86;0,77;-2,29;2,05;55,75;48,74;0,39
69,86;0,77;-2,29;2,05;55,75;48,74;0,39
69,87;0,77;-2,29;2,05;55,75;48,74;0,39
69,89;0,77;-2,29;2,05;55,75;48,74;0,39
69,91;0,77;-2,29;2,05;55,75;48,74;0,39
69,93;0,77;-2,29;2,05;55,75;48,74;0,39
69,93;0,77;-2,29;2,05;55,75;48,74;0,39
69,94;2,33;-1,73;0,36;55,75;48,74;0,39
69,96;2,33;-1,73;0,36;55,75;48,74;0,39
69,97;2,33;-1,73;0,36;55,75;48,74;0,39
69,99;2,33;-1,73;0,36;55,75;48,74;0,36
69,99;-0,57;-1,32;-3,18;55,75;48,74;0,36
70,00;-0,57;-1,32;-3,18;55,75;48,74;0,36
70,01;-0,57;-1,32;-3,18;55,75;48,74;0,36
70,03;-0,57;-1,32;-3,18;55,75;48,74;0,36
70,05;-0,57;-1,32;-3,18;55,75;48,74;0,36
70,07;-0,57;-1,32;-3,18;55,75;48,74;0,36
70,08;-0,57;-1,32;-3,18;55,75;48,74;0,36
70,08;-0,85;-0,96;-3,45;55,75;48,74;0,36
70,09;-0,85;-0,96;-3,45;55,75;48,74;0,36
70,11;-0,85;-0,96;-3,45;55,75;48,74;0,36
70,13;-0,85;-0,96;-3,45;55,75;48,74;0,36
70,13;-0,85;-0,96;-3,45;55,75;48,74;0,36
70,13;-0,64;-0,07;-2,82;55,75;48,74;0,36
70,15;-0,64;-0,07;-2,82;55,75;48,74;0,36
70,17;-0,64;-0,07;-2,82;55,75;48,74;0,36
70,19;-0,64;-0,07;-2,82;55,75;48,74;0,36
70,19;-0,64;-0,07;-2,82;55,75;48,74;0,36
70,19;-0,19;1,58;-0,28;55,75;48,74;0,36
70,21;-0,19;1,58;-0,28;55,75;48,74;0,36
70,23;-0,19;1,58;-0,28;55,75;48,74;0,36
70,25;-0,19;1,58;-0,28;55,75;48,74;0,36
70,27;-0,19;1,58;-0,28;55,75;48,74;0,36
70,27;-0,19;1,58;-0,28;55,75;48,74;0,36
70,27;-0,13;2,83;2,59;55,75;48,74;0,36
70,29;-0,13;2,83;2,59;55,75;48,74;0,36
70,31;-0,13;2,83;2,59;55,75;48,74;0,36
70,33;-0,13;2,83;2,59;55,75;48,74;0,36
70,33;-0,13;2,83;2,59;55,75;48,74;0,36
70,33;-1,29;2,09;5,60;55,75;48,74;0,36
70,35;-1,29;2,09;5,60;55,75;48,74;0,36
70,37;-1,29;2,09;5,60;55,75;48,74;0,36
70,39;-1,29;2,09;5,60;55,75;48,74;0,36
70,39;-1,29;2,09;5,60;55,75;48,74;0,36
70,39;-1,31;-0,91;2,42;55,75;48,74;0,36
70,40;-1,31;-0,91;2,42;55,75;48,74;0,36
70,42;-1,31;-0,91;2,42;55,75;48,74;0,36
70,44;-1,31;-0,91;2,42;55,75;48,74;0,36
70,47;-1,31;-0,91;2,42;55,75;48,74;0,36
70,47;-1,31;-0,91;2,42;55,75;48,74;0,36
70,47;-0,11;-1,64;0,25;55,75;48,74;0,36
70,48;-0,11;-1,64;0,25;55,75;48,74;0,36
70,50;-0,11;-1,64;0,25;55,75;48,74;0,36
70,52;-0,11;-1,64;0,25;55,75;48,74;0,36
70,52;-0,11;-1,64;0,25;55,75;48,74;0,36
70,53;0,00;-2,15;-1,30;55,75;48,74;0,36
70,54;0,00;-2,15;-1,30;55,75;48,74;0,36
70,56;0,00;-2,15;-1,30;55,75;48,74;0,36
70,58;0,00;-2,15;-1,30;55,75;48,74;0,36
70,60;0,00;-2,15;-1,30;55,75;48,74;0,36
70,60;0,00;-2,15;-1,30;55,75;48,74;0,36
70,60;-0,69;-1,98;-3,69;55,75;48,74;0,36
70,62;-0,69;-1,98;-3,69;55,75;48,74;0,36
70,64;-0,69;-1,98;-3,69;55,75;48,74;0,36
70,66;-0,69;-1,98;-3,69;55,75;48,74;0,36
70,66;-0,69;-1,98;-3,69;55,75;48,74;0,36
70,66;-0,39;-0,66;-3,41;55,75;48,74;0,36
70,68;-0,39;-0,66;-3,41;55,75;48,74;0,36
70,70;-0,39;-0,66;-3,41;55,75;48,74;0,36
70,72;-0,39;-0,66;-3,41;55,75;48,74;0,36
70,72;0,63;0,93;-0,55;55,75;48,74;0,36
70,72;0,63;0,93;-0,55;55,75;48,74;0,36
70,74;0,63;0,93;-0,55;55,75;48,74;0,36
70,76;0,63;0,93;-0,55;55,75;48,74;0,36
70,78;0,63;0,93;-0,55;55,75;48,74;0,36
70,80;0,63;0,93;-0,55;55,75;48,74;0,36
70,80;0,63;0,93;-0,55;55,75;48,74;0,36
70,80;1,38;1,35;2,77;55,75;48,74;0,36
70,82;1,38;1,35;2,77;55,75;48,74;0,36
70,84;1,38;1,35;2,77;55,75;48,74;0,36
70,86;1,38;1,35;2,77;55,75;48,74;0,36
70,86;2,14;1,23;2,98;55,75;48,74;0,36
70,86;2,14;1,23;2,98;55,75;48,74;0,36
70,88;2,14;1,23;2,98;55,75;48,74;0,36
70,90;2,14;1,23;2,98;55,75;48,74;0,36
70,92;2,14;1,23;2,98;55,75;48,74;0,36
70,94;2,14;1,23;2,98;55,75;48,74;0,36
70,94;2,14;1,23;2,98;55,75;48,74;0,36
70,94;2,07;-0,70;2,68;55,75;48,74;0,36
70,96;2,07;-0,70;2,68;55,75;48,74;0,36
70,97;2,07;-0,70;2,68;55,75;48,74;0,36
71,00;2,07;-0,70;2,68;55,75;48,74;0,36
71,00;1,47;-1,16;0,74;55,75;48,74;0,36
71,00;1,47;-1,16;0,74;55,75;48,74;0,36
71,01;1,47;-1,16;0,74;55,75;48,74;0,36
71,03;1,47;-1,16;0,74;55,75;48,74;0,36
71,05;1,47;-1,16;0,74;55,75;48,74;0,36
71,06;1,34;-1,63;-1,01;55,75;48,74;0,36
71,06;1,34;-1,63;-1,01;55,75;48,74;0,36
71,07;1,34;-1,63;-1,01;55,75;48,74;0,36
71,09;1,34;-1,63;-1,01;55,75;48,74;0,36
71,11;1,34;-1,63;-1,01;55,75;48,74;0,36
71,13;1,34;-1,63;-1,01;55,75;48,74;0,36
71,13;1,34;-1,63;-1,01;55,75;48,74;0,36
71,13;-0,76;-2,21;-4,05;55,75;48,74;0,36
71,15;-0,76;-2,21;-4,05;55,75;48,74;0,36
71,17;-0,76;-2,21;-4,05;55,75;48,74;0,36
71,19;-0,76;-2,21;-4,05;55,75;48,74;0,36
71,19;-0,76;-2,21;-4,05;55,75;48,74;0,36
71,19;-0,97;-1,58;-4,06;55,75;48,74;0,36
71,21;-0,97;-1,58;-4,06;55,75;48,74;0,36
71,23;-0,97;-1,58;-4,06;55,75;48,74;0,36
71,25;-0,97;-1,58;-4,06;55,75;48,74;0,36
71,27;-0,97;-1,58;-4,06;55,75;48,74;0,36
71,27;-0,97;-1,58;-4,06;55,75;48,74;0,36
71,27;-1,29;0,28;-1,63;55,75;48,74;0,36
71,29;-1,29;0,28;-1,63;55,75;48,74;0,36
71,31;-1,29;0,28;-1,63;55,75;48,74;0,36
71,33;-1,29;0,28;-1,63;55,75;48,74;0,36
71,33;-1,29;0,28;-1,63;55,75;48,74;0,36
71,33;-0,24;2,75;0,68;55,75;48,74;0,36
71,35;-0,24;2,75;0,68;55,75;48,74;0,36
71,37;-0,24;2,75;0,68;55,75;48,74;0,36
71,39;-0,24;2,75;0,68;55,75;48,74;0,36
71,39;-1,38;3,43;2,81;55,75;48,74;0,36
71,39;-1,38;3,43;2,81;55,75;48,74;0,36
71,41;-1,38;3,43;2,81;55,75;48,74;0,36
71,43;-1,38;3,43;2,81;55,75;48,74;0,36
71,45;-1,38;3,43;2,81;55,75;48,74;0,36
71,47;-1,38;3,43;2,81;55,75;48,74;0,36
71,47;-1,38;3,43;2,81;55,75;48,74;0,36
71,47;-1,74;1,58;4,02;55,75;48,74;0,36
71,49;-1,74;1,58;4,02;55,75;48,74;0,36
71,51;-1,74;1,58;4,02;55,75;48,74;0,36
71,53;-1,74;1,58;4,02;55,75;48,74;0,36
71,53;-1,74;1,58;4,02;55,75;48,74;0,36
71,53;-1,71;-1,16;3,00;55,75;48,74;0,36
71,55;-1,71;-1,16;3,00;55,75;48,74;0,36
71,57;-1,71;-1,16;3,00;55,75;48,74;0,36
71,59;-1,71;-1,16;3,00;55,75;48,74;0,36
71,61;-1,71;-1,16;3,00;55,75;48,74;0,36
71,61;-1,71;-1,16;3,00;55,75;48,74;0,36
71,61;0,04;-1,96;0,11;55,75;48,74;0,36
71,62;0,04;-1,96;0,11;55,75;48,74;0,36
71,64;0,04;-1,96;0,11;55,75;48,74;0,36
71,66;0,04;-1,96;0,11;55,75;48,74;0,36
71,67;0,04;-1,96;0,11;55,75;48,74;0,36
71,67;0,22;-2,33;-2,28;55,75;48,74;0,36
71,68;0,22;-2,33;-2,28;55,75;48,74;0,36
71,70;0,22;-2,33;-2,28;55,75;48,74;0,36
71,72;0,22;-2,33;-2,28;55,75;48,74;0,36
71,72;0,22;-2,33;-2,28;55,75;48,74;0,36
71,73;0,28;-1,62;-3,90;55,75;48,74;0,36
71,74;0,28;-1,62;-3,90;55,75;48,74;0,36
71,76;0,28;-1,62;-3,90;55,75;48,74;0,36
71,78;0,28;-1,62;-3,90;55,75;48,74;0,36
71,80;0,28;-1,62;-3,90;55,75;48,74;0,36
71,80;-0,02;-0,37;-2,27;55,75;48,74;0,36
71,80;-0,02;-0,37;-2,27;55,75;48,74;0,36
71,82;-0,02;-0,37;-2,27;55,75;48,74;0,36
71,84;-0,02;-0,37;-2,27;55,75;48,74;0,36
71,86;-0,02;-0,37;-2,27;55,75;48,74;0,36
71,86;-0,02;-0,37;-2,27;55,75;48,74;0,36
71,86;0,78;1,05;-0,21;55,75;48,74;0,36
71,88;0,78;1,05;-0,21;55,75;48,74;0,36
71,90;0,78;1,05;-0,21;55,75;48,74;0,36
71,92;0,78;1,05;-0,21;55,75;48,74;0,36
71,92;0,78;1,05;-0,21;55,75;48,74;0,36
71,92;0,90;1,89;2,42;55,75;48,74;0,36
71,94;0,90;1,89;2,42;55,75;48,74;0,36
71,96;0,90;1,89;2,42;55,75;48,74;0,36
71,98;0,90;1,89;2,42;55,75;48,74;0,36
72,00;0,90;1,89;2,42;55,75;48,74;0,45
72,00;0,90;1,89;2,42;55,75;48,74;0,45
72,00;2,03;1,99;2,95;55,75;48,74;0,45
72,02;2,03;1,99;2,95;55,75;48,74;0,45
72,04;2,03;1,99;2,95;55,75;48,74;0,45
72,06;2,03;1,99;2,95;55,75;48,74;0,45
72,06;2,03;1,99;2,95;55,75;48,74;0,45
72,06;2,96;-0,88;2,30;55,75;48,74;0,45
72,08;2,96;-0,88;2,30;55,75;48,74;0,45
72,10;2,96;-0,88;2,30;55,75;48,74;0,45
72,12;2,96;-0,88;2,30;55,75;48,74;0,45
72,14;2,96;-0,88;2,30;55,75;48,74;0,45
72,14;2,96;-0,88;2,30;55,75;48,74;0,45
72,14;0,93;-2,71;0,86;55,75;48,74;0,45
72,16;0,93;-2,71;0,86;55,75;48,74;0,45
72,18;0,93;-2,71;0,86;55,75;48,74;0,45
72,20;0,93;-2,71;0,86;55,75;48,74;0,45
72,20;0,93;-2,71;0,86;55,75;48,74;0,45
72,20;-0,60;-1,29;-1,91;55,75;48,74;0,45
72,21;-0,60;-1,29;-1,91;55,75;48,74;0,45
72,23;-0,60;-1,29;-1,91;55,75;48,74;0,45
72,25;-0,60;-1,29;-1,91;55,75;48,74;0,45
72,26;-0,60;-1,29;-1,91;55,75;48,74;0,45
72,26;-3,03;-1,62;-2,97;55,75;48,74;0,45
72,27;-3,03;-1,62;-2,97;55,75;48,74;0,45
72,29;-3,03;-1,62;-2,97;55,75;48,74;0,45
72,31;-3,03;-1,62;-2,97;55,75;48,74;0,45
72,33;-3,03;-1,62;-2,97;55,75;48,74;0,45
72,33;-3,03;-1,62;-2,97;55,75;48,74;0,45
72,33;-1,76;-1,16;-3,19;55,75;48,74;0,45
72,35;-1,76;-1,16;-3,19;55,75;48,74;0,45
72,37;-1,76;-1,16;-3,19;55,75;48,74;0,45
72,39;-1,76;-1,16;-3,19;55,75;48,74;0,45
72,39;-1,93;0,43;-0,57;55,75;48,74;0,45
72,39;-1,93;0,43;-0,57;55,75;48,74;0,45
72,41;-1,93;0,43;-0,57;55,75;48,74;0,45
72,43;-1,93;0,43;-0,57;55,75;48,74;0,45
72,45;-1,93;0,43;-0,57;55,75;48,74;0,45
72,47;-1,93;0,43;-0,57;55,75;48,74;0,45
72,47;-1,49;2,25;1,44;55,75;48,74;0,45
72,47;-1,49;2,25;1,44;55,75;48,74;0,45
72,49;-1,49;2,25;1,44;55,75;48,74;0,45
72,51;-1,49;2,25;1,44;55,75;48,74;0,45
72,53;-1,49;2,25;1,44;55,75;48,74;0,45
72,53;-1,49;2,25;1,44;55,75;48,74;0,45
72,53;-1,18;1,97;3,33;55,75;48,74;0,45
72,55;-1,18;1,97;3,33;55,75;48,74;0,45
72,57;-1,18;1,97;3,33;55,75;48,74;0,45
72,59;-1,18;1,97;3,33;55,75;48,74;0,45
72,59;-0,85;1,12;2,53;55,75;48,74;0,45
72,59;-0,85;1,12;2,53;55,75;48,74;0,45
72,61;-0,85;1,12;2,53;55,75;48,74;0,45
72,63;-0,85;1,12;2,53;55,75;48,74;0,45
72,65;-0,85;1,12;2,53;55,75;48,74;0,45
72,67;-0,85;1,12;2,53;55,75;48,74;0,45
72,67;-0,85;1,12;2,53;55,75;48,74;0,45
72,67;0,86;-0,24;4,14;55,75;48,74;0,45
72,69;0,86;-0,24;4,14;55,75;48,74;0,45
72,71;0,86;-0,24;4,14;55,75;48,74;0,45
72,73;0,86;-0,24;4,14;55,75;48,74;0,45
72,73;0,23;-2,14;-0,01;55,75;48,74;0,45
72,73;0,23;-2,14;-0,01;55,75;48,74;0,45
72,74;0,23;-2,14;-0,01;55,75;48,74;0,45
72,76;0,23;-2,14;-0,01;55,75;48,74;0,45
72,78;0,23;-2,14;-0,01;55,75;48,74;0,45
72,80;0,23;-2,14;-0,01;55,75;48,74;0,45
72,81;0,23;-2,14;-0,01;55,75;48,74;0,45
72,81;-0,43;-2,41;-3,18;55,75;48,74;0,45
72,82;-0,43;-2,41;-3,18;55,75;48,74;0,45
72,84;-0,43;-2,41;-3,18;55,75;48,74;0,45
72,86;-0,43;-2,41;-3,18;55,75;48,74;0,45
72,86;-0,43;-2,41;-3,18;55,75;48,74;0,45
72,87;0,31;-0,96;-3,48;55,75;48,74;0,45
72,88;0,31;-0,96;-3,48;55,75;48,74;0,45
72,90;0,31;-0,96;-3,48;55,75;48,74;0,45
72,92;0,31;-0,96;-3,48;55,75;48,74;0,45
72,92;0,48;0,01;-0,98;55,75;48,74;0,45
72,93;0,48;0,01;-0,98;55,75;48,74;0,45
72,94;0,48;0,01;-0,98;55,75;48,74;0,45
72,96;0,48;0,01;-0,98;55,75;48,74;0,45
72,98;0,48;0,01;-0,98;55,75;48,74;0,45
73,00;0,48;0,01;-0,98;55,75;48,74;0,45
73,00;1,61;1,80;0,41;55,75;48,74;0,45
73,00;1,61;1,80;0,41;55,75;48,74;0,45
73,02;1,61;1,80;0,41;55,75;48,74;0,45
73,04;1,61;1,80;0,41;55,75;48,74;0,45
73,06;1,61;1,80;0,41;55,75;48,74;0,45
73,06;1,61;1,80;0,41;55,75;48,74;0,45
73,06;2,13;1,87;1,61;55,75;48,74;0,45
73,08;2,13;1,87;1,61;55,75;48,74;0,45
73,10;2,13;1,87;1,61;55,75;48,74;0,45
73,12;2,13;1,87;1,61;55,75;48,74;0,45
73,12;0,44;-1,07;3,83;55,75;48,74;0,45
73,12;0,44;-1,07;3,83;55,75;48,74;0,45
73,14;0,44;-1,07;3,83;55,75;48,74;0,45
73,16;0,44;-1,07;3,83;55,75;48,74;0,45
73,18;0,44;-1,07;3,83;55,75;48,74;0,45
73,20;0,44;-1,07;3,83;55,75;48,74;0,45
73,20;2,08;-0,83;2,78;55,75;48,74;0,45
73,20;2,08;-0,83;2,78;55,75;48,74;0,45
73,22;2,08;-0,83;2,78;55,75;48,74;0,45
73,24;2,08;-0,83;2,78;55,75;48,74;0,45
73,26;2,08;-0,83;2,78;55,75;48,74;0,45
73,26;2,08;-0,83;2,78;55,75;48,74;0,45
73,26;1,33;-0,28;-1,75;55,75;48,74;0,45
73,28;1,33;-0,28;-1,75;55,75;48,74;0,45
73,30;1,33;-0,28;-1,75;55,75;48,74;0,45
73,32;1,33;-0,28;-1,75;55,75;48,74;0,45
73,34;1,33;-0,28;-1,75;55,75;48,74;0,45
73,34;1,33;-0,28;-1,75;55,75;48,74;0,45
73,34;-0,71;-1,61;-4,18;55,75;48,74;0,45
73,35;-0,71;-1,61;-4,18;55,75;48,74;0,45
73,37;-0,71;-1,61;-4,18;55,75;48,74;0,45
73,39;-0,71;-1,61;-4,18;55,75;48,74;0,45
73,40;0,30;-1,15;-3,98;55,75;48,74;0,45
73,40;0,30;-1,15;-3,98;55,75;48,74;0,45
73,41;0,30;-1,15;-3,98;55,75;48,74;0,45
73,43;0,30;-1,15;-3,98;55,75;48,74;0,45
73,45;0,30;-1,15;-3,98;55,75;48,74;0,45
73,45;0,30;-1,15;-3,98;55,75;48,74;0,45
73,46;0,20;0,33;-1,58;55,75;48,74;0,45
73,47;0,20;0,33;-1,58;55,75;48,74;0,45
73,49;0,20;0,33;-1,58;55,75;48,74;0,45
73,51;0,20;0,33;-1,58;55,75;48,74;0,45
73,53;0,20;0,33;-1,58;55,75;48,74;0,45
73,53;0,20;0,33;-1,58;55,75;48,74;0,45
73,53;-0,86;0,46;0,24;55,75;48,74;0,45
73,55;-0,86;0,46;0,24;55,75;48,74;0,45
73,57;-0,86;0,46;0,24;55,75;48,74;0,45
73,59;-0,86;0,46;0,24;55,75;48,74;0,45
73,59;-0,83;2,99;5,35;55,75;48,74;0,45
73,59;-0,83;2,99;5,35;55,75;48,74;0,45
73,61;-0,83;2,99;5,35;55,75;48,74;0,45
73,63;-0,83;2,99;5,35;55,75;48,74;0,45
73,65;-0,83;2,99;5,35;55,75;48,74;0,45
73,67;-2,22;0,87;4,57;55,75;48,74;0,45
73,67;-2,22;0,87;4,57;55,75;48,74;0,45
73,67;-2,22;0,87;4,57;55,75;48,74;0,45
73,69;-2,22;0,87;4,57;55,75;48,74;0,45
73,71;-2,22;0,87;4,57;55,75;48,74;0,45
73,73;-2,22;0,87;4,57;55,75;48,74;0,45
73,73;-2,22;0,87;4,57;55,75;48,74;0,45
73,73;0,10;-1,14;0,78;55,75;48,74;0,45
73,75;0,10;-1,14;0,78;55,75;48,74;0,45
73,77;0,10;-1,14;0,78;55,75;48,74;0,45
73,79;0,10;-1,14;0,78;55,75;48,74;0,45
73,79;0,10;-1,14;0,78;55,75;48,74;0,45
73,79;0,27;-1,19;-0,88;55,75;48,74;0,45
73,81;0,27;-1,19;-0,88;55,75;48,74;0,45
73,83;0,27;-1,19;-0,88;55,75;48,74;0,45
73,85;0,27;-1,19;-0,88;55,75;48,74;0,45
73,87;0,27;-1,19;-0,88;55,75;48,74;0,45
73,87;-0,11;-1,20;-2,85;55,75;48,74;0,45
73,87;-0,11;-1,20;-2,85;55,75;48,74;0,45
73,89;-0,11;-1,20;-2,85;55,75;48,74;0,45
73,91;-0,11;-1,20;-2,85;55,75;48,74;0,45
73,93;-0,11;-1,20;-2,85;55,75;48,74;0,45
73,93;-0,56;-0,91;-3,71;55,75;48,74;0,45
73,93;-0,56;-0,91;-3,71;55,75;48,74;0,45
73,95;-0,56;-0,91;-3,71;55,75;48,74;0,45
73,96;-0,56;-0,91;-3,71;55,75;48,74;0,45
73,98;-0,56;-0,91;-3,71;55,75;48,74;0,76
74,00;-0,56;-0,91;-3,71;55,75;48,74;0,76
74,00;-0,62;0,81;-1,88;55,75;48,74;0,76
74,01;-0,62;0,81;-1,88;55,75;48,74;0,76
74,02;-0,62;0,81;-1,88;55,75;48,74;0,76
74,04;-0,62;0,81;-1,88;55,75;48,74;0,76
74,06;-0,07;0,84;1,84;55,75;48,74;0,76
74,06;-0,07;0,84;1,84;55,75;48,74;0,76
74,06;-0,07;0,84;1,84;55,75;48,74;0,76
74,08;-0,07;0,84;1,84;55,75;48,74;0,76
74,10;-0,07;0,84;1,84;55,75;48,74;0,76
74,12;-0,07;0,84;1,84;55,75;48,74;0,76
74,12;0,64;0,59;2,14;55,75;48,74;0,76
74,12;0,64;0,59;2,14;55,75;48,74;0,76
74,14;0,64;0,59;2,14;55,75;48,74;0,76
74,16;0,64;0,59;2,14;55,75;48,74;0,76
74,18;0,64;0,59;2,14;55,75;48,74;0,76
74,20;0,64;0,59;2,14;55,75;48,74;0,76
74,20;0,64;0,59;2,14;55,75;48,74;0,76
74,20;0,58;0,80;1,94;55,75;48,74;0,76
74,22;0,58;0,80;1,94;55,75;48,74;0,76
74,24;0,58;0,80;1,94;55,75;48,74;0,76
74,26;0,58;0,80;1,94;55,75;48,74;0,76
74,26;0,58;0,80;1,94;55,75;48,74;0,76
74,26;0,78;-1,03;3,16;55,75;48,74;0,76
74,28;0,78;-1,03;3,16;55,75;48,74;0,76
74,30;0,78;-1,03;3,16;55,75;48,74;0,76
74,32;0,78;-1,03;3,16;55,75;48,74;0,76
74,32;0,78;-1,03;3,16;55,75;48,74;0,76
74,32;1,70;-1,26;-0,69;55,75;48,74;0,76
74,34;1,70;-1,26;-0,69;55,75;48,74;0,76
74,36;1,70;-1,26;-0,69;55,75;48,74;0,76
74,38;1,70;-1,26;-0,69;55,75;48,74;0,76
74,40;1,70;-1,26;-0,69;55,75;48,74;0,76
74,40;1,70;-1,26;-0,69;55,75;48,74;0,76
74,40;-0,24;-0,96;-2,19;55,75;48,74;0,76
74,42;-0,24;-0,96;-2,19;55,75;48,74;0,76
74,44;-0,24;-0,96;-2,19;55,75;48,74;0,76
74,46;-0,24;-0,96;-2,19;55,75;48,74;0,76
74,46;-0,24;-0,96;-2,19;55,75;48,74;0,76
74,46;-1,11;-0,60;-3,74;55,75;48,74;0,76
74,48;-1,11;-0,60;-3,74;55,75;48,74;0,76
74,50;-1,11;-0,60;-3,74;55,75;48,74;0,76
74,52;-1,11;-0,60;-3,74;55,75;48,74;0,76
74,54;-1,11;-0,60;-3,74;55,75;48,74;0,76
74,54;-1,11;-0,60;-3,74;55,75;48,74;0,76
74,54;-0,18;0,00;-1,80;55,75;48,74;0,76
74,55;-0,18;0,00;-1,80;55,75;48,74;0,76
74,57;-0,18;0,00;-1,80;55,75;48,74;0,76
74,59;-0,18;0,00;-1,80;55,75;48,74;0,76
74,60;0,07;0,66;0,48;55,75;48,74;0,76
74,60;0,07;0,66;0,48;55,75;48,74;0,76
74,61;0,07;0,66;0,48;55,75;48,74;0,76
74,63;0,07;0,66;0,48;55,75;48,74;0,76
74,65;0,07;0,66;0,48;55,75;48,74;0,76
74,66;0,07;0,66;0,48;55,75;48,74;0,76
74,66;-0,26;1,72;1,11;55,75;48,74;0,76
74,67;-0,26;1,72;1,11;55,75;48,74;0,76
74,69;-0,26;1,72;1,11;55,75;48,74;0,76
74,71;-0,26;1,72;1,11;55,75;48,74;0,76
74,73;-0,26;1,72;1,11;55,75;48,74;0,76
74,73;-0,26;1,72;1,11;55,75;48,74;0,76
74,74;-0,47;1,27;2,91;55,75;48,74;0,76
74,75;-0,47;1,27;2,91;55,75;48,74;0,76
74,77;-0,47;1,27;2,91;55,75;48,74;0,76
74,79;-0,47;1,27;2,91;55,75;48,74;0,76
74,79;-0,47;1,27;2,91;55,75;48,74;0,76
74,79;-0,55;0,67;3,21;55,75;48,74;0,76
74,81;-0,55;0,67;3,21;55,75;48,74;0,76
74,83;-0,55;0,67;3,21;55,75;48,74;0,76
74,85;-0,55;0,67;3,21;55,75;48,74;0,76
74,87;-0,55;0,67;3,21;55,75;48,74;0,76
74,87;-0,55;0,67;3,21;55,75;48,74;0,76
74,87;-0,25;-1,20;0,32;55,75;48,74;0,76
74,89;-0,25;-1,20;0,32;55,75;48,74;0,76
74,91;-0,25;-1,20;0,32;55,75;48,74;0,76
74,93;-0,25;-1,20;0,32;55,75;48,74;0,76
74,93;-1,01;-1,73;-1,61;55,75;48,74;0,76
74,93;-1,01;-1,73;-1,61;55,75;48,74;0,76
74,95;-1,01;-1,73;-1,61;55,75;48,74;0,76
74,97;-1,01;-1,73;-1,61;55,75;48,74;0,76
74,99;-1,01;-1,73;-1,61;55,75;48,74;0,76
74,99;-1,01;-1,73;-1,61;55,75;48,74;0,48
74,99;-0,51;-1,39;-2,24;55,75;48,74;0,48
75,01;-0,51;-1,39;-2,24;55,75;48,74;0,48
75,03;-0,51;-1,39;-2,24;55,75;48,74;0,48
75,05;-0,51;-1,39;-2,24;55,75;48,74;0,48
75,07;-0,51;-1,39;-2,24;55,75;48,74;0,48
75,07;-0,14;-0,69;-2,63;55,75;48,74;0,48
75,07;-0,14;-0,69;-2,63;55,75;48,74;0,48
75,09;-0,14;-0,69;-2,63;55,75;48,74;0,48
75,11;-0,14;-0,69;-2,63;55,75;48,74;0,48
75,12;-0,14;-0,69;-2,63;55,75;48,74;0,48
75,13;-0,14;-0,69;-2,63;55,75;48,74;0,48
75,13;0,24;0,30;-0,78;55,75;48,74;0,48
75,14;0,24;0,30;-0,78;55,75;48,74;0,48
75,16;0,24;0,30;-0,78;55,75;48,74;0,48
75,18;0,24;0,30;-0,78;55,75;48,74;0,48
75,20;0,24;0,30;-0,78;55,75;48,74;0,48
75,21;0,24;0,30;-0,78;55,75;48,74;0,48
75,21;0,39;0,95;0,51;55,75;48,74;0,48
75,22;0,39;0,95;0,51;55,75;48,74;0,48
75,24;0,39;0,95;0,51;55,75;48,74;0,48
75,26;0,39;0,95;0,51;55,75;48,74;0,48
75,26;0,69;1,52;2,07;55,75;48,74;0,48
75,27;0,69;1,52;2,07;55,75;48,74;0,48
75,28;0,69;1,52;2,07;55,75;48,74;0,48
75,30;0,69;1,52;2,07;55,75;48,74;0,48
75,32;0,69;1,52;2,07;55,75;48,74;0,48
75,32;0,69;1,52;2,07;55,75;48,74;0,48
75,32;0,73;1,04;2,16;55,75;48,74;0,48
75,34;0,73;1,04;2,16;55,75;48,74;0,48
75,36;0,73;1,04;2,16;55,75;48,74;0,48
75,38;0,73;1,04;2,16;55,75;48,74;0,48
75,40;0,73;1,04;2,16;55,75;48,74;0,48
75,40;0,73;1,04;2,16;55,75;48,74;0,48
75,40;0,54;-1,03;1,91;55,75;48,74;0,48
75,42;0,54;-1,03;1,91;55,75;48,74;0,48
75,44;0,54;-1,03;1,91;55,75;48,74;0,48
75,46;0,54;-1,03;1,91;55,75;48,74;0,48
75,46;0,54;-1,03;1,91;55,75;48,74;0,48
75,46;1,12;-1,29;-1,05;55,75;48,74;0,48
75,48;1,12;-1,29;-1,05;55,75;48,74;0,48
75,50;1,12;-1,29;-1,05;55,75;48,74;0,48
75,52;1,12;-1,29;-1,05;55,75;48,74;0,48
75,54;1,12;-1,29;-1,05;55,75;48,74;0,48
75,54;1,12;-1,29;-1,05;55,75;48,74;0,48
75,54;0,21;-0,67;-1,59;55,75;48,74;0,48
75,56;0,21;-0,67;-1,59;55,75;48,74;0,48
75,58;0,21;-0,67;-1,59;55,75;48,74;0,48
75,60;0,21;-0,67;-1,59;55,75;48,74;0,48
75,60;0,21;-0,67;-1,59;55,75;48,74;0,48
75,60;-0,69;-0,49;-2,41;55,75;48,74;0,48
75,62;-0,69;-0,49;-2,41;55,75;48,74;0,48
75,64;-0,69;-0,49;-2,41;55,75;48,74;0,48
75,66;-0,69;-0,49;-2,41;55,75;48,74;0,48
75,66;-0,69;-0,49;-2,41;55,75;48,74;0,48
75,66;-0,29;-0,43;-1,75;55,75;48,74;0,48
75,68;-0,29;-0,43;-1,75;55,75;48,74;0,48
75,69;-0,29;-0,43;-1,75;55,75;48,74;0,48
75,71;-0,29;-0,43;-1,75;55,75;48,74;0,48
75,73;-0,29;-0,43;-1,75;55,75;48,74;0,48
75,74;-0,29;-0,43;-1,75;55,75;48,74;0,48
75,74;0,22;0,18;-1,18;55,75;48,74;0,48
75,75;0,22;0,18;-1,18;55,75;48,74;0,48
75,77;0,22;0,18;-1,18;55,75;48,74;0,48
75,79;0,22;0,18;-1,18;55,75;48,74;0,48
75,79;0,14;1,47;-0,40;55,75;48,74;0,48
75,79;0,14;1,47;-0,40;55,75;48,74;0,48
75,81;0,14;1,47;-0,40;55,75;48,74;0,48
75,83;0,14;1,47;-0,40;55,75;48,74;0,48
75,85;0,14;1,47;-0,40;55,75;48,74;0,48
75,85;0,12;1,58;2,40;55,75;48,74;0,48
75,85;0,12;1,58;2,40;55,75;48,74;0,48
75,87;0,12;1,58;2,40;55,75;48,74;0,48
75,89;0,12;1,58;2,40;55,75;48,74;0,48
75,91;0,12;1,58;2,40;55,75;48,74;0,48
75,93;0,12;1,58;2,40;55,75;48,74;0,48
75,93;0,12;1,58;2,40;55,75;48,74;0,48
75,93;-0,92;1,47;3,40;55,75;48,74;0,48
75,95;-0,92;1,47;3,40;55,75;48,74;0,48
75,97;-0,92;1,47;3,40;55,75;48,74;0,48
75,99;-0,92;1,47;3,40;55,75;48,74;0,77
75,99;-1,20;-0,70;2,35;55,75;48,74;0,77
75,99;-1,20;-0,70;2,35;55,75;48,74;0,77
76,01;-1,20;-0,70;2,35;55,75;48,74;0,77
76,03;-1,20;-0,70;2,35;55,75;48,74;0,77
76,05;-1,20;-0,70;2,35;55,75;48,74;0,77
76,07;-1,20;-0,70;2,35;55,75;48,74;0,77
76,07;-1,03;-0,36;-1,52;55,75;48,74;0,77
76,07;-1,03;-0,36;-1,52;55,75;48,74;0,77
76,09;-1,03;-0,36;-1,52;55,75;48,74;0,77
76,11;-1,03;-0,36;-1,52;55,75;48,74;0,77
76,13;-1,03;-0,36;-1,52;55,75;48,74;0,77
76,13;-1,03;-0,36;-1,52;55,75;48,74;0,77
76,13;-0,48;-0,90;-0,32;55,75;48,74;0,77
76,15;-0,48;-0,90;-0,32;55,75;48,74;0,77
76,17;-0,48;-0,90;-0,32;55,75;48,74;0,77
76,19;-0,48;-0,90;-0,32;55,75;48,74;0,77
76,19;-0,12;-1,17;-1,29;55,75;48,74;0,77
76,19;-0,12;-1,17;-1,29;55,75;48,74;0,77
76,21;-0,12;-1,17;-1,29;55,75;48,74;0,77
76,23;-0,12;-1,17;-1,29;55,75;48,74;0,77
76,25;-0,12;-1,17;-1,29;55,75;48,74;0,77
76,27;-0,12;-1,17;-1,29;55,75;48,74;0,77
76,27;-0,51;-0,08;-2,72;55,75;48,74;0,77
76,27;-0,51;-0,08;-2,72;55,75;48,74;0,77
76,28;-0,51;-0,08;-2,72;55,75;48,74;0,77
76,30;-0,51;-0,08;-2,72;55,75;48,74;0,77
76,32;-0,51;-0,08;-2,72;55,75;48,74;0,77
76,32;-0,51;-0,08;-2,72;55,75;48,74;0,77
76,33;-0,15;0,30;-1,04;55,75;48,74;0,77
76,34;-0,15;0,30;-1,04;55,75;48,74;0,77
76,36;-0,15;0,30;-1,04;55,75;48,74;0,77
76,38;-0,15;0,30;-1,04;55,75;48,74;0,77
76,40;-0,15;0,30;-1,04;55,75;48,74;0,77
76,40;-0,15;0,30;-1,04;55,75;48,74;0,77
76,40;0,33;0,65;1,22;55,75;48,74;0,77
76,42;0,33;0,65;1,22;55,75;48,74;0,77
76,44;0,33;0,65;1,22;55,75;48,74;0,77
76,46;0,33;0,65;1,22;55,75;48,74;0,77
76,46;1,41;1,12;2,42;55,75;48,74;0,77
76,46;1,41;1,12;2,42;55,75;48,74;0,77
76,48;1,41;1,12;2,42;55,75;48,74;0,77
76,50;1,41;1,12;2,42;55,75;48,74;0,77
76,52;1,41;1,12;2,42;55,75;48,74;0,77
76,52;2,50;0,56;1,31;55,75;48,74;0,77
76,52;2,50;0,56;1,31;55,75;48,74;0,77
76,54;2,50;0,56;1,31;55,75;48,74;0,77
76,56;2,50;0,56;1,31;55,75;48,74;0,77
76,58;2,50;0,56;1,31;55,75;48,74;0,77
76,60;2,50;0,56;1,31;55,75;48,74;0,77
76,60;2,50;0,56;1,31;55,75;48,74;0,77
76,60;0,64;-1,23;2,02;55,75;48,74;0,77
76,62;0,64;-1,23;2,02;55,75;48,74;0,77
76,64;0,64;-1,23;2,02;55,75;48,74;0,77
76,66;0,64;-1,23;2,02;55,75;48,74;0,77
76,66;0,64;-1,23;2,02;55,75;48,74;0,77
76,66;1,05;-1,50;-0,69;55,75;48,74;0,77
76,68;1,05;-1,50;-0,69;55,75;48,74;0,77
76,70;1,05;-1,50;-0,69;55,75;48,74;0,77
76,72;1,05;-1,50;-0,69;55,75;48,74;0,77
76,74;1,05;-1,50;-0,69;55,75;48,74;0,77
76,74;1,05;-1,50;-0,69;55,75;48,74;0,77
76,74;-0,45;-1,21;-3,08;55,75;48,74;0,77
76,76;-0,45;-1,21;-3,08;55,75;48,74;0,77
76,78;-0,45;-1,21;-3,08;55,75;48,74;0,77
76,80;-0,45;-1,21;-3,08;55,75;48,74;0,77
76,80;-0,45;-1,21;-3,08;55,75;48,74;0,77
76,80;-0,69;-1,00;-3,86;55,75;48,74;0,77
76,82;-0,69;-1,00;-3,86;55,75;48,74;0,77
76,84;-0,69;-1,00;-3,86;55,75;48,74;0,77
76,86;-0,69;-1,00;-3,86;55,75;48,74;0,77
76,86;-0,72;-0,23;-1,09;55,75;48,74;0,77
76,86;-0,72;-0,23;-1,09;55,75;48,74;0,77
76,87;-0,72;-0,23;-1,09;55,75;48,74;0,77
76,89;-0,72;-0,23;-1,09;55,75;48,74;0,77
76,91;-0,72;-0,23;-1,09;55,75;48,74;0,77
76,93;-0,72;-0,23;-1,09;55,75;48,74;0,77
76,93;0,21;1,68;0,52;55,75;48,74;0,77
76,94;0,21;1,68;0,52;55,75;48,74;0,77
76,96;0,21;1,68;0,52;55,75;48,74;0,77
76,97;0,21;1,68;0,52;55,75;48,74;0,35
76,99;1,03;2,97;0,84;55,75;48,74;0,35
76,99;1,03;2,97;0,84;55,75;48,74;0,35
76,99;1,03;2,97;0,84;55,75;48,74;0,35
77,01;1,03;2,97;0,84;55,75;48,74;0,35
77,03;1,03;2,97;0,84;55,75;48,74;0,35
77,05;1,03;2,97;0,84;55,75;48,74;0,35
77,05;-0,48;1,77;2,78;55,75;48,74;0,35
77,05;-0,48;1,77;2,78;55,75;48,74;0,35
77,07;-0,48;1,77;2,78;55,75;48,74;0,35
77,09;-0,48;1,77;2,78;55,75;48,74;0,35
77,11;-0,48;1,77;2,78;55,75;48,74;0,35
77,13;-0,48;1,77;2,78;55,75;48,74;0,35
77,13;0,00;-1,04;3,85;55,75;48,74;0,35
77,13;0,00;-1,04;3,85;55,75;48,74;0,35
77,15;0,00;-1,04;3,85;55,75;48,74;0,35
77,17;0,00;-1,04;3,85;55,75;48,74;0,35
77,19;0,00;-1,04;3,85;55,75;48,74;0,35
77,19;0,00;-1,04;3,85;55,75;48,74;0,35
77,19;-0,17;-1,32;1,32;55,75;48,74;0,35
77,21;-0,17;-1,32;1,32;55,75;48,74;0,35
77,23;-0,17;-1,32;1,32;55,75;48,74;0,35
77,25;-0,17;-1,32;1,32;55,75;48,74;0,35
77,27;-0,17;-1,32;1,32;55,75;48,74;0,35
77,27;-0,17;-1,32;1,32;55,75;48,74;0,35
77,27;-1,05;-2,26;-0,79;55,75;48,74;0,35
77,29;-1,05;-2,26;-0,79;55,75;48,74;0,35
77,31;-1,05;-2,26;-0,79;55,75;48,74;0,35
77,33;-1,05;-2,26;-0,79;55,75;48,74;0,35
77,33;-1,05;-2,26;-0,79;55,75;48,74;0,35
77,33;-0,81;-0,78;-4,17;55,75;48,74;0,35
77,35;-0,81;-0,78;-4,17;55,75;48,74;0,35
77,37;-0,81;-0,78;-4,17;55,75;48,74;0,35
77,39;-0,81;-0,78;-4,17;55,75;48,74;0,35
77,39;-0,81;-0,78;-4,17;55,75;48,74;0,35
77,39;0,16;0,46;-3,43;55,75;48,74;0,35
77,41;0,16;0,46;-3,43;55,75;48,74;0,35
77,43;0,16;0,46;-3,43;55,75;48,74;0,35
77,45;0,16;0,46;-3,43;55,75;48,74;0,35
77,47;0,16;0,46;-3,43;55,75;48,74;0,35
77,47;-0,93;0,71;-1,10;55,75;48,74;0,35
77,47;-0,93;0,71;-1,10;55,75;48,74;0,35
77,48;-0,93;0,71;-1,10;55,75;48,74;0,35
77,50;-0,93;0,71;-1,10;55,75;48,74;0,35
77,52;-0,93;0,71;-1,10;55,75;48,74;0,35
77,52;-0,93;0,71;-1,10;55,75;48,74;0,35
77,52;-1,06;1,65;1,77;55,75;48,74;0,35
77,54;-1,06;1,65;1,77;55,75;48,74;0,35
77,56;-1,06;1,65;1,77;55,75;48,74;0,35
77,58;-1,06;1,65;1,77;55,75;48,74;0,35
77,60;-1,06;1,65;1,77;55,75;48,74;0,35
77,60;0,77;1,61;2,24;55,75;48,74;0,35
77,60;0,77;1,61;2,24;55,75;48,74;0,35
77,62;0,77;1,61;2,24;55,75;48,74;0,35
77,64;0,77;1,61;2,24;55,75;48,74;0,35
77,66;0,77;1,61;2,24;55,75;48,74;0,35
77,66;0,77;1,61;2,24;55,75;48,74;0,35
77,66;1,70;0,23;3,70;55,75;48,74;0,35
77,68;1,70;0,23;3,70;55,75;48,74;0,35
77,70;1,70;0,23;3,70;55,75;48,74;0,35
77,72;1,70;0,23;3,70;55,75;48,74;0,35
77,72;1,70;0,23;3,70;55,75;48,74;0,35
77,72;0,62;-2,65;0,53;55,75;48,74;0,35
77,74;0,62;-2,65;0,53;55,75;48,74;0,35
77,76;0,62;-2,65;0,53;55,75;48,74;0,35
77,78;0,62;-2,65;0,53;55,75;48,74;0,35
77,80;0,62;-2,65;0,53;55,75;48,74;0,35
77,80;2,23;-1,05;-0,57;55,75;48,74;0,35
77,80;2,23;-1,05;-0,57;55,75;48,74;0,35
77,82;2,23;-1,05;-0,57;55,75;48,74;0,35
77,84;2,23;-1,05;-0,57;55,75;48,74;0,35
77,86;2,23;-1,05;-0,57;55,75;48,74;0,35
77,86;0,62;-0,41;-0,70;55,75;48,74;0,35
77,86;0,62;-0,41;-0,70;55,75;48,74;0,35
77,88;0,62;-0,41;-0,70;55,75;48,74;0,35
77,90;0,62;-0,41;-0,70;55,75;48,74;0,35
77,92;0,62;-0,41;-0,70;55,75;48,74;0,35
77,94;0,62;-0,41;-0,70;55,75;48,74;0,35
77,94;-0,96;-0,42;-3,31;55,75;48,74;0,35
77,94;-0,96;-0,42;-3,31;55,75;48,74;0,35
77,96;-0,96;-0,42;-3,31;55,75;48,74;0,35
77,98;-0,96;-0,42;-3,31;55,75;48,74;0,35
78,00;-0,96;-0,42;-3,31;55,75;48,74;0,35
78,00;-0,96;-0,42;-3,31;55,75;48,74;0,35
78,00;-0,26;0,09;-2,16;55,75;48,74;0,35
78,02;-0,26;0,09;-2,16;55,75;48,74;0,35
78,04;-0,26;0,09;-2,16;55,75;48,74;0,35
78,06;-0,26;0,09;-2,16;55,75;48,74;0,35
78,06;-0,52;0,20;-0,57;55,75;48,74;0,35
78,06;-0,52;0,20;-0,57;55,75;48,74;0,35
78,07;-0,52;0,20;-0,57;55,75;48,74;0,35
78,09;-0,52;0,20;-0,57;55,75;48,74;0,35
78,11;-0,52;0,20;-0,57;55,75;48,74;0,35
78,13;-0,52;0,20;-0,57;55,75;48,74;0,35
78,13;-0,02;2,30;1,80;55,75;48,74;0,35
78,14;-0,02;2,30;1,80;55,75;48,74;0,35
78,15;-0,02;2,30;1,80;55,75;48,74;0,35
78,17;-0,02;2,30;1,80;55,75;48,74;0,35
78,19;-0,02;2,30;1,80;55,75;48,74;0,35
78,19;-0,02;2,30;1,80;55,75;48,74;0,35
78,19;0,10;1,52;3,36;55,75;48,74;0,35
78,21;0,10;1,52;3,36;55,75;48,74;0,35
78,23;0,10;1,52;3,36;55,75;48,74;0,35
78,25;0,10;1,52;3,36;55,75;48,74;0,35
78,25;-0,92;0,39;4,20;55,75;48,74;0,35
78,25;-0,92;0,39;4,20;55,75;48,74;0,35
78,27;-0,92;0,39;4,20;55,75;48,74;0,35
78,29;-0,92;0,39;4,20;55,75;48,74;0,35
78,31;-0,92;0,39;4,20;55,75;48,74;0,35
78,33;-0,92;0,39;4,20;55,75;48,74;0,35
78,33;-0,92;0,39;4,20;55,75;48,74;0,35
78,33;-1,98;-2,47;1,57;55,75;48,74;0,35
78,35;-1,98;-2,47;1,57;55,75;48,74;0,35
78,37;-1,98;-2,47;1,57;55,75;48,74;0,35
78,39;-1,98;-2,47;1,57;55,75;48,74;0,35
78,39;-1,98;-2,47;1,57;55,75;48,74;0,35
78,39;-0,51;-1,46;-2,08;55,75;48,74;0,35
78,41;-0,51;-1,46;-2,08;55,75;48,74;0,35
78,43;-0,51;-1,46;-2,08;55,75;48,74;0,35
78,45;-0,51;-1,46;-2,08;55,75;48,74;0,35
78,47;-0,51;-1,46;-2,08;55,75;48,74;0,35
78,47;-0,51;-1,46;-2,08;55,75;48,74;0,35
78,47;-0,01;-0,65;-2,67;55,75;48,74;0,35
78,49;-0,01;-0,65;-2,67;55,75;48,74;0,35
78,51;-0,01;-0,65;-2,67;55,75;48,74;0,35
78,53;-0,01;-0,65;-2,67;55,75;48,74;0,35
78,53;-0,22;-0,65;-2,79;55,75;48,74;0,35
78,53;-0,22;-0,65;-2,79;55,75;48,74;0,35
78,55;-0,22;-0,65;-2,79;55,75;48,74;0,35
78,57;-0,22;-0,65;-2,79;55,75;48,74;0,35
78,59;-0,22;-0,65;-2,79;55,75;48,74;0,35
78,59;0,22;1,34;-3,51;55,75;48,74;0,35
78,59;0,22;1,34;-3,51;55,75;48,74;0,35
78,61;0,22;1,34;-3,51;55,75;48,74;0,35
78,63;0,22;1,34;-3,51;55,75;48,74;0,35
78,64;0,22;1,34;-3,51;55,75;48,74;0,35
78,67;0,22;1,34;-3,51;55,75;48,74;0,35
78,67;0,58;1,18;0,54;55,75;48,74;0,35
78,67;0,58;1,18;0,54;55,75;48,74;0,35
78,68;0,58;1,18;0,54;55,75;48,74;0,35
78,70;0,58;1,18;0,54;55,75;48,74;0,35
78,73;0,58;1,18;0,54;55,75;48,74;0,35
78,73;0,58;1,18;0,54;55,75;48,74;0,35
78,73;0,93;0,23;3,36;55,75;48,74;0,35
78,74;0,93;0,23;3,36;55,75;48,74;0,35
78,76;0,93;0,23;3,36;55,75;48,74;0,35
78,78;0,93;0,23;3,36;55,75;48,74;0,35
78,80;1,32;0,77;3,53;55,75;48,74;0,35
78,80;1,32;0,77;3,53;55,75;48,74;0,35
78,80;1,32;0,77;3,53;55,75;48,74;0,35
78,82;1,32;0,77;3,53;55,75;48,74;0,35
78,84;1,32;0,77;3,53;55,75;48,74;0,35
78,86;1,32;0,77;3,53;55,75;48,74;0,35
78,86;0,67;-1,42;2,44;55,75;48,74;0,35
78,86;0,67;-1,42;2,44;55,75;48,74;0,35
78,88;0,67;-1,42;2,44;55,75;48,74;0,35
78,90;0,67;-1,42;2,44;55,75;48,74;0,35
78,92;0,67;-1,42;2,44;55,75;48,74;0,35
78,92;0,48;-2,49;-0,42;55,75;48,74;0,35
78,92;0,48;-2,49;-0,42;55,75;48,74;0,35
78,94;0,48;-2,49;-0,42;55,75;48,74;0,35
78,97;0,48;-2,49;-0,42;55,75;48,74;0,35
78,98;0,48;-2,49;-0,42;55,75;48,74;0,35
79,00;0,48;-2,49;-0,42;55,75;48,74;1,00
79,00;0,48;-2,49;-0,42;55,75;48,74;1,00
79,00;-0,14;-1,57;-2,04;55,75;48,74;1,00
79,02;-0,14;-1,57;-2,04;55,75;48,74;1,00
79,04;-0,14;-1,57;-2,04;55,75;48,74;1,00
79,06;-0,14;-1,57;-2,04;55,75;48,74;1,00
79,06;-0,14;-1,57;-2,04;55,75;48,74;1,00
79,06;-0,72;-0,57;-3,97;55,75;48,74;1,00
79,08;-0,72;-0,57;-3,97;55,75;48,74;1,00
79,10;-0,72;-0,57;-3,97;55,75;48,74;1,00
79,12;-0,72;-0,57;-3,97;55,75;48,74;1,00
79,14;-0,72;-0,57;-3,97;55,75;48,74;1,00
79,14;-0,72;-0,57;-3,97;55,75;48,74;1,00
79,14;-0,69;-0,10;-3,35;55,75;48,74;1,00
79,16;-0,69;-0,10;-3,35;55,75;48,74;1,00
79,18;-0,69;-0,10;-3,35;55,75;48,74;1,00
79,20;-0,69;-0,10;-3,35;55,75;48,74;1,00
79,20;-0,69;-0,10;-3,35;55,75;48,74;1,00
79,20;-0,96;0,18;-0,85;55,75;48,74;1,00
79,22;-0,96;0,18;-0,85;55,75;48,74;1,00
79,23;-0,96;0,18;-0,85;55,75;48,74;1,00
79,25;-0,96;0,18;-0,85;55,75;48,74;1,00
79,26;-0,96;0,18;-0,85;55,75;48,74;1,00
79,26;-0,61;2,12;2,57;55,75;48,74;1,00
79,27;-0,61;2,12;2,57;55,75;48,74;1,00
79,29;-0,61;2,12;2,57;55,75;48,74;1,00
79,31;-0,61;2,12;2,57;55,75;48,74;1,00
79,33;-0,61;2,12;2,57;55,75;48,74;1,00
79,33;1,49;2,48;2,65;55,75;48,74;1,00
79,33;1,49;2,48;2,65;55,75;48,74;1,00
79,35;1,49;2,48;2,65;55,75;48,74;1,00
79,37;1,49;2,48;2,65;55,75;48,74;1,00
79,39;1,49;2,48;2,65;55,75;48,74;1,00
79,39;0,51;1,43;3,31;55,75;48,74;1,00
79,39;0,51;1,43;3,31;55,75;48,74;1,00
79,41;0,51;1,43;3,31;55,75;48,74;1,00
79,43;0,51;1,43;3,31;55,75;48,74;1,00
79,45;0,51;1,43;3,31;55,75;48,74;1,00
79,47;0,51;1,43;3,31;55,75;48,74;1,00
79,47;-0,21;-1,86;2,65;55,75;48,74;1,00
79,47;-0,21;-1,86;2,65;55,75;48,74;1,00
79,49;-0,21;-1,86;2,65;55,75;48,74;1,00
79,51;-0,21;-1,86;2,65;55,75;48,74;1,00
79,53;-0,21;-1,86;2,65;55,75;48,74;1,00
79,53;-1,69;-1,19;-1,95;55,75;48,74;1,00
79,53;-1,69;-1,19;-1,95;55,75;48,74;1,00
79,55;-1,69;-1,19;-1,95;55,75;48,74;1,00
79,57;-1,69;-1,19;-1,95;55,75;48,74;1,00
79,59;-1,69;-1,19;-1,95;55,75;48,74;1,00
79,59;-0,93;-1,23;-1,99;55,75;48,74;1,00
79,59;-0,93;-1,23;-1,99;55,75;48,74;1,00
79,61;-0,93;-1,23;-1,99;55,75;48,74;1,00
79,63;-0,93;-1,23;-1,99;55,75;48,74;1,00
79,65;-0,93;-1,23;-1,99;55,75;48,74;1,00
79,67;-0,93;-1,23;-1,99;55,75;48,74;1,00
79,67;-0,93;-1,23;-1,99;55,75;48,74;1,00
79,67;-1,40;-0,49;-2,89;55,75;48,74;1,00
79,69;-1,40;-0,49;-2,89;55,75;48,74;1,00
79,71;-1,40;-0,49;-2,89;55,75;48,74;1,00
79,73;-1,40;-0,49;-2,89;55,75;48,74;1,00
79,73;-1,40;-0,49;-2,89;55,75;48,74;1,00
79,73;-1,05;0,21;-1,73;55,75;48,74;1,00
79,75;-1,05;0,21;-1,73;55,75;48,74;1,00
79,77;-1,05;0,21;-1,73;55,75;48,74;1,00
79,79;-1,07;1,11;-0,49;55,75;48,74;1,00
79,79;-1,07;1,11;-0,49;55,75;48,74;1,00
79,79;-1,07;1,11;-0,49;55,75;48,74;1,00
79,81;-1,07;1,11;-0,49;55,75;48,74;1,00
79,82;-1,07;1,11;-0,49;55,75;48,74;1,00
79,84;-1,07;1,11;-0,49;55,75;48,74;1,00
79,86;-1,07;1,11;-0,49;55,75;48,74;1,00
79,87;1,08;2,10;1,25;55,75;48,74;1,00
79,87;1,08;2,10;1,25;55,75;48,74;1,00
79,88;1,08;2,10;1,25;55,75;48,74;1,00
79,90;1,08;2,10;1,25;55,75;48,74;1,00
79,92;1,08;2,10;1,25;55,75;48,74;1,00
79,93;1,08;2,10;1,25;55,75;48,74;1,00
79,93;2,56;0,82;2,46;55,75;48,74;1,00
79,95;2,56;0,82;2,46;55,75;48,74;1,00
79,96;2,56;0,82;2,46;55,75;48,74;1,00
79,98;2,56;0,82;2,46;55,75;48,74;1,41
80,00;2,56;0,82;2,46;55,75;48,74;1,41
80,00;2,49;0,24;2,40;55,75;48,74;1,41
80,01;2,49;0,24;2,40;55,75;48,74;1,41
80,02;2,49;0,24;2,40;55,75;48,74;1,41
80,05;2,49;0,24;2,40;55,75;48,74;1,41
80,06;2,49;0,24;2,40;55,75;48,74;1,41
80,06;2,49;0,24;2,40;55,75;48,74;1,41
80,06;1,72;-2,81;1,72;55,75;48,74;1,41
80,08;1,72;-2,81;1,72;55,75;48,74;1,41
80,10;1,72;-2,81;1,72;55,75;48,74;1,41
80,12;1,72;-2,81;1,72;55,75;48,74;1,41
80,12;1,87;-2,13;-1,53;55,75;48,74;1,41
80,12;1,87;-2,13;-1,53;55,75;48,74;1,41
80,14;1,87;-2,13;-1,53;55,75;48,74;1,41
80,16;1,87;-2,13;-1,53;55,75;48,74;1,41
80,18;1,87;-2,13;-1,53;55,75;48,74;1,41
80,20;1,87;-2,13;-1,53;55,75;48,74;1,41
80,20;1,87;-2,13;-1,53;55,75;48,74;1,41
80,20;-0,35;-0,78;-2,26;55,75;48,74;1,41
80,22;-0,35;-0,78;-2,26;55,75;48,74;1,41
80,24;-0,35;-0,78;-2,26;55,75;48,74;1,41
80,26;-0,35;-0,78;-2,26;55,75;48,74;1,41
80,26;-0,72;-0,75;-3,78;55,75;48,74;1,41
80,26;-0,72;-0,75;-3,78;55,75;48,74;1,41
80,28;-0,72;-0,75;-3,78;55,75;48,74;1,41
80,30;-0,72;-0,75;-3,78;55,75;48,74;1,41
80,32;-0,72;-0,75;-3,78;55,75;48,74;1,41
80,34;-0,72;-0,75;-3,78;55,75;48,74;1,41
80,34;-0,72;-0,75;-3,78;55,75;48,74;1,41
80,34;-0,70;-0,08;-3,30;55,75;48,74;1,41
80,36;-0,70;-0,08;-3,30;55,75;48,74;1,41
80,38;-0,70;-0,08;-3,30;55,75;48,74;1,41
80,40;-0,70;-0,08;-3,30;55,75;48,74;1,41
80,40;-0,70;-0,08;-3,30;55,75;48,74;1,41
80,40;-0,13;1,54;0,45;55,75;48,74;1,41
80,42;-0,13;1,54;0,45;55,75;48,74;1,41
80,43;-0,13;1,54;0,45;55,75;48,74;1,41
80,46;-0,13;1,54;0,45;55,75;48,74;1,41
80,46;-0,13;1,54;0,45;55,75;48,74;1,41
80,46;0,51;2,46;3,36;55,75;48,74;1,41
80,47;0,51;2,46;3,36;55,75;48,74;1,41
80,49;0,51;2,46;3,36;55,75;48,74;1,41
80,51;0,51;2,46;3,36;55,75;48,74;1,41
80,53;0,51;2,46;3,36;55,75;48,74;1,41
80,54;-0,17;0,68;6,97;55,75;48,74;1,41
80,54;-0,17;0,68;6,97;55,75;48,74;1,41
80,55;-0,17;0,68;6,97;55,75;48,74;1,41
80,57;-0,17;0,68;6,97;55,75;48,74;1,41
80,59;-0,17;0,68;6,97;55,75;48,74;1,41
80,59;-0,17;0,68;6,97;55,75;48,74;1,41
80,60;-0,94;-1,10;2,25;55,75;48,74;1,41
80,61;-0,94;-1,10;2,25;55,75;48,74;1,41
80,63;-0,94;-1,10;2,25;55,75;48,74;1,41
80,65;-0,94;-1,10;2,25;55,75;48,74;1,41
80,67;-0,94;-1,10;2,25;55,75;48,74;1,41
80,67;-1,23;-1,56;-0,87;55,75;48,74;1,41
80,67;-1,23;-1,56;-0,87;55,75;48,74;1,41
80,69;-1,23;-1,56;-0,87;55,75;48,74;1,41
80,71;-1,23;-1,56;-0,87;55,75;48,74;1,41
80,73;-1,23;-1,56;-0,87;55,75;48,74;1,41
80,73;-1,23;-1,56;-0,87;55,75;48,74;1,41
80,73;-0,80;-1,11;-3,32;55,75;48,74;1,41
80,75;-0,80;-1,11;-3,32;55,75;48,74;1,41
80,77;-0,80;-1,11;-3,32;55,75;48,74;1,41
80,79;-0,80;-1,11;-3,32;55,75;48,74;1,41
80,79;-0,49;-0,32;-4,10;55,75;48,74;1,41
80,79;-0,49;-0,32;-4,10;55,75;48,74;1,41
80,81;-0,49;-0,32;-4,10;55,75;48,74;1,41
80,83;-0,49;-0,32;-4,10;55,75;48,74;1,41
80,85;-0,49;-0,32;-4,10;55,75;48,74;1,41
80,87;-0,49;-0,32;-4,10;55,75;48,74;1,41
80,87;-0,49;-0,32;-4,10;55,75;48,74;1,41
80,87;-0,76;-0,30;-1,76;55,75;48,74;1,41
80,89;-0,76;-0,30;-1,76;55,75;48,74;1,41
80,91;-0,76;-0,30;-1,76;55,75;48,74;1,41
80,93;-0,76;-0,30;-1,76;55,75;48,74;1,41
80,93;-0,76;-0,30;-1,76;55,75;48,74;1,41
80,93;-0,73;0,78;-0,51;55,75;48,74;1,41
80,95;-0,73;0,78;-0,51;55,75;48,74;1,41
80,97;-0,73;0,78;-0,51;55,75;48,74;1,41
80,99;-0,73;0,78;-0,51;55,75;48,74;1,50
80,99;-0,73;0,78;-0,51;55,75;48,74;1,50
80,99;-0,84;1,24;2,25;55,75;48,74;1,50
81,01;-0,84;1,24;2,25;55,75;48,74;1,50
81,03;-0,84;1,24;2,25;55,75;48,74;1,50
81,04;-0,84;1,24;2,25;55,75;48,74;1,50
81,06;-0,84;1,24;2,25;55,75;48,74;1,50
81,07;-0,08;2,15;3,76;55,75;48,74;1,50
81,07;-0,08;2,15;3,76;55,75;48,74;1,50
81,08;-0,08;2,15;3,76;55,75;48,74;1,50
81,10;-0,08;2,15;3,76;55,75;48,74;1,50
81,12;-0,08;2,15;3,76;55,75;48,74;1,50
81,13;2,74;-0,28;3,20;55,75;48,74;1,50
81,13;2,74;-0,28;3,20;55,75;48,74;1,50
81,14;2,74;-0,28;3,20;55,75;48,74;1,50
81,16;2,74;-0,28;3,20;55,75;48,74;1,50
81,18;2,74;-0,28;3,20;55,75;48,74;1,50
81,20;2,74;-0,28;3,20;55,75;48,74;1,50
81,20;1,69;-2,59;-0,43;55,75;48,74;1,50
81,20;1,69;-2,59;-0,43;55,75;48,74;1,50
81,22;1,69;-2,59;-0,43;55,75;48,74;1,50
81,24;1,69;-2,59;-0,43;55,75;48,74;1,50
81,26;1,69;-2,59;-0,43;55,75;48,74;1,50
81,26;1,69;-2,59;-0,43;55,75;48,74;1,50
81,26;1,77;-1,40;-1,74;55,75;48,74;1,50
81,28;1,77;-1,40;-1,74;55,75;48,74;1,50
81,30;1,77;-1,40;-1,74;55,75;48,74;1,50
81,32;1,77;-1,40;-1,74;55,75;48,74;1,50
81,32;1,77;-1,40;-1,74;55,75;48,74;1,50
81,32;0,08;-1,00;-2,31;55,75;48,74;1,50
81,34;0,08;-1,00;-2,31;55,75;48,74;1,50
81,36;0,08;-1,00;-2,31;55,75;48,74;1,50
81,38;0,08;-1,00;-2,31;55,75;48,74;1,50
81,40;0,08;-1,00;-2,31;55,75;48,74;1,50
81,40;-0,93;-0,52;-4,18;55,75;48,74;1,50
81,40;-0,93;-0,52;-4,18;55,75;48,74;1,50
81,42;-0,93;-0,52;-4,18;55,75;48,74;1,50
81,44;-0,93;-0,52;-4,18;55,75;48,74;1,50
81,46;-0,93;-0,52;-4,18;55,75;48,74;1,50
81,46;-0,66;0,13;-2,13;55,75;48,74;1,50
81,46;-0,66;0,13;-2,13;55,75;48,74;1,50
81,48;-0,66;0,13;-2,13;55,75;48,74;1,50
81,50;-0,66;0,13;-2,13;55,75;48,74;1,50
81,52;-0,66;0,13;-2,13;55,75;48,74;1,50
81,54;-0,66;0,13;-2,13;55,75;48,74;1,50
81,54;0,09;1,36;1,17;55,75;48,74;1,50
81,54;0,09;1,36;1,17;55,75;48,74;1,50
81,56;0,09;1,36;1,17;55,75;48,74;1,50
81,58;0,09;1,36;1,17;55,75;48,74;1,50
81,60;0,09;1,36;1,17;55,75;48,74;1,50
81,60;-0,11;2,74;3,47;55,75;48,74;1,50
81,60;-0,11;2,74;3,47;55,75;48,74;1,50
81,62;-0,11;2,74;3,47;55,75;48,74;1,50
81,63;-0,11;2,74;3,47;55,75;48,74;1,50
81,65;-0,11;2,74;3,47;55,75;48,74;1,50
81,66;-0,11;2,74;3,47;55,75;48,74;1,50
81,66;0,36;0,42;7,03;55,75;48,74;1,50
81,67;0,36;0,42;7,03;55,75;48,74;1,50
81,69;0,36;0,42;7,03;55,75;48,74;1,50
81,72;0,36;0,42;7,03;55,75;48,74;1,50
81,73;0,36;0,42;7,03;55,75;48,74;1,50
81,73;-1,03;-1,23;0,69;55,75;48,74;1,50
81,73;-1,03;-1,23;0,69;55,75;48,74;1,50
81,75;-1,03;-1,23;0,69;55,75;48,74;1,50
81,77;-1,03;-1,23;0,69;55,75;48,74;1,50
81,79;-1,03;-1,23;0,69;55,75;48,74;1,50
81,79;-1,33;-1,27;-2,77;55,75;48,74;1,50
81,80;-1,33;-1,27;-2,77;55,75;48,74;1,50
81,81;-1,33;-1,27;-2,77;55,75;48,74;1,50
81,83;-1,33;-1,27;-2,77;55,75;48,74;1,50
81,85;-1,33;-1,27;-2,77;55,75;48,74;1,50
81,87;-1,33;-1,27;-2,77;55,75;48,74;1,50
81,87;-1,33;-1,27;-2,77;55,75;48,74;1,50
81,87;-1,74;-1,66;-1,75;55,75;48,74;1,50
81,89;-1,74;-1,66;-1,75;55,75;48,74;1,50
81,91;-1,74;-1,66;-1,75;55,75;48,74;1,50
81,93;-1,74;-1,66;-1,75;55,75;48,74;1,50
81,93;-1,74;-1,66;-1,75;55,75;48,74;1,50
81,93;-1,07;-0,97;-3,42;55,75;48,74;1,50
81,95;-1,07;-0,97;-3,42;55,75;48,74;1,50
81,97;-1,07;-0,97;-3,42;55,75;48,74;1,50
81,99;-0,79;0,07;-3,03;55,75;48,74;1,31
81,99;-0,79;0,07;-3,03;55,75;48,74;1,31
81,99;-0,79;0,07;-3,03;55,75;48,74;1,31
82,01;-0,79;0,07;-3,03;55,75;48,74;1,31
82,03;-0,79;0,07;-3,03;55,75;48,74;1,31
82,05;-0,79;0,07;-3,03;55,75;48,74;1,31
82,07;-0,79;0,07;-3,03;55,75;48,74;1,31
82,07;-0,79;0,07;-3,03;55,75;48,74;1,31
82,07;-0,49;0,82;0,32;55,75;48,74;1,31
82,09;-0,49;0,82;0,32;55,75;48,74;1,31
82,11;-0,49;0,82;0,32;55,75;48,74;1,31
82,13;-0,49;0,82;0,32;55,75;48,74;1,31
82,13;-0,49;0,82;0,32;55,75;48,74;1,31
82,13;0,77;1,54;3,12;55,75;48,74;1,31
82,15;0,77;1,54;3,12;55,75;48,74;1,31
82,17;0,77;1,54;3,12;55,75;48,74;1,31
82,19;0,77;1,54;3,12;55,75;48,74;1,31
82,19;1,76;1,98;4,21;55,75;48,74;1,31
82,19;1,76;1,98;4,21;55,75;48,74;1,31
82,20;1,76;1,98;4,21;55,75;48,74;1,31
82,22;1,76;1,98;4,21;55,75;48,74;1,31
82,24;1,76;1,98;4,21;55,75;48,74;1,31
82,26;1,76;1,98;4,21;55,75;48,74;1,31
82,27;1,08;-0,19;1,98;55,75;48,74;1,31
82,27;1,08;-0,19;1,98;55,75;48,74;1,31
82,28;1,08;-0,19;1,98;55,75;48,74;1,31
82,30;1,08;-0,19;1,98;55,75;48,74;1,31
82,32;1,08;-0,19;1,98;55,75;48,74;1,31
82,33;1,08;-0,19;1,98;55,75;48,74;1,31
82,33;1,15;-3,16;0,90;55,75;48,74;1,31
82,34;1,15;-3,16;0,90;55,75;48,74;1,31
82,36;1,15;-3,16;0,90;55,75;48,74;1,31
82,38;1,15;-3,16;0,90;55,75;48,74;1,31
82,40;1,15;-3,16;0,90;55,75;48,74;1,31
82,40;1,15;-3,16;0,90;55,75;48,74;1,31
82,40;2,68;-1,34;-1,24;55,75;48,74;1,31
82,42;2,68;-1,34;-1,24;55,75;48,74;1,31
82,44;2,68;-1,34;-1,24;55,75;48,74;1,31
82,46;2,68;-1,34;-1,24;55,75;48,74;1,31
82,46;0,35;-0,30;-2,76;55,75;48,74;1,31
82,46;0,35;-0,30;-2,76;55,75;48,74;1,31
82,48;0,35;-0,30;-2,76;55,75;48,74;1,31
82,50;0,35;-0,30;-2,76;55,75;48,74;1,31
82,52;0,35;-0,30;-2,76;55,75;48,74;1,31
82,52;-0,78;-0,67;-4,17;55,75;48,74;1,31
82,52;-0,78;-0,67;-4,17;55,75;48,74;1,31
82,54;-0,78;-0,67;-4,17;55,75;48,74;1,31
82,56;-0,78;-0,67;-4,17;55,75;48,74;1,31
82,58;-0,78;-0,67;-4,17;55,75;48,74;1,31
82,60;-0,78;-0,67;-4,17;55,75;48,74;1,31
82,60;-0,78;-0,67;-4,17;55,75;48,74;1,31
82,60;-0,66;-0,27;-3,09;55,75;48,74;1,31
82,62;-0,66;-0,27;-3,09;55,75;48,74;1,31
82,64;-0,66;-0,27;-3,09;55,75;48,74;1,31
82,66;-0,66;-0,27;-3,09;55,75;48,74;1,31
82,66;-0,66;-0,27;-3,09;55,75;48,74;1,31
82,66;-0,53;1,35;-0,08;55,75;48,74;1,31
82,68;-0,53;1,35;-0,08;55,75;48,74;1,31
82,70;-0,53;1,35;-0,08;55,75;48,74;1,31
82,72;-0,53;1,35;-0,08;55,75;48,74;1,31
82,74;-0,53;1,35;-0,08;55,75;48,74;1,31
82,74;-0,53;1,35;-0,08;55,75;48,74;1,31
82,74;0,28;1,69;4,33;55,75;48,74;1,31
82,76;0,28;1,69;4,33;55,75;48,74;1,31
82,78;0,28;1,69;4,33;55,75;48,74;1,31
82,80;0,28;1,69;4,33;55,75;48,74;1,31
82,80;-0,88;1,84;3,67;55,75;48,74;1,31
82,80;-0,88;1,84;3,67;55,75;48,74;1,31
82,82;-0,88;1,84;3,67;55,75;48,74;1,31
82,83;-0,88;1,84;3,67;55,75;48,74;1,31
82,85;-0,88;1,84;3,67;55,75;48,74;1,31
82,86;-0,75;-0,46;2,68;55,75;48,74;1,31
82,86;-0,75;-0,46;2,68;55,75;48,74;1,31
82,87;-0,75;-0,46;2,68;55,75;48,74;1,31
82,89;-0,75;-0,46;2,68;55,75;48,74;1,31
82,91;-0,75;-0,46;2,68;55,75;48,74;1,31
82,93;-0,75;-0,46;2,68;55,75;48,74;1,31
82,93;-0,75;-0,46;2,68;55,75;48,74;1,31
82,93;-1,07;-1,84;0,14;55,75;48,74;1,31
82,95;-1,07;-1,84;0,14;55,75;48,74;1,31
82,97;-1,07;-1,84;0,14;55,75;48,74;1,31
82,99;-1,07;-1,84;0,14;55,75;48,74;1,18
82,99;0,32;-1,76;-1,76;55,75;48,74;1,18
82,99;0,32;-1,76;-1,76;55,75;48,74;1,18
83,01;0,32;-1,76;-1,76;55,75;48,74;1,18
83,03;0,32;-1,76;-1,76;55,75;48,74;1,18
83,05;0,32;-1,76;-1,76;55,75;48,74;1,18
83,07;0,32;-1,76;-1,76;55,75;48,74;1,18
83,07;0,32;-1,76;-1,76;55,75;48,74;1,18
83,07;-0,12;-1,18;-3,32;55,75;48,74;1,18
83,09;-0,12;-1,18;-3,32;55,75;48,74;1,18
83,11;-0,12;-1,18;-3,32;55,75;48,74;1,18
83,13;-0,12;-1,18;-3,32;55,75;48,74;1,18
83,13;-0,12;-1,18;-3,32;55,75;48,74;1,18
83,13;-0,36;-0,28;-3,20;55,75;48,74;1,18
83,15;-0,36;-0,28;-3,20;55,75;48,74;1,18
83,17;-0,36;-0,28;-3,20;55,75;48,74;1,18
83,19;-0,36;-0,28;-3,20;55,75;48,74;1,18
83,19;-0,36;-0,28;-3,20;55,75;48,74;1,18
83,19;-0,31;1,02;-1,54;55,75;48,74;1,18
83,21;-0,31;1,02;-1,54;55,75;48,74;1,18
83,23;-0,31;1,02;-1,54;55,75;48,74;1,18
83,25;-0,31;1,02;-1,54;55,75;48,74;1,18
83,27;-0,31;1,02;-1,54;55,75;48,74;1,18
83,27;0,58;1,48;1,95;55,75;48,74;1,18
83,27;0,58;1,48;1,95;55,75;48,74;1,18
83,29;0,58;1,48;1,95;55,75;48,74;1,18
83,31;0,58;1,48;1,95;55,75;48,74;1,18
83,33;0,58;1,48;1,95;55,75;48,74;1,18
83,33;0,90;1,70;3,44;55,75;48,74;1,18
83,33;0,90;1,70;3,44;55,75;48,74;1,18
83,35;0,90;1,70;3,44;55,75;48,74;1,18
83,37;0,90;1,70;3,44;55,75;48,74;1,18
83,38;0,90;1,70;3,44;55,75;48,74;1,18
83,40;0,90;1,70;3,44;55,75;48,74;1,18
83,41;0,90;1,70;3,44;55,75;48,74;1,18
83,41;1,38;0,46;3,93;55,75;48,74;1,18
83,42;1,38;0,46;3,93;55,75;48,74;1,18
83,44;1,38;0,46;3,93;55,75;48,74;1,18
83,47;1,38;0,46;3,93;55,75;48,74;1,18
83,47;1,38;0,46;3,93;55,75;48,74;1,18
83,47;0,24;-2,41;1,30;55,75;48,74;1,18
83,48;0,24;-2,41;1,30;55,75;48,74;1,18
83,50;0,24;-2,41;1,30;55,75;48,74;1,18
83,52;0,24;-2,41;1,30;55,75;48,74;1,18
83,52;0,24;-2,41;1,30;55,75;48,74;1,18
83,52;1,07;-1,87;-2,12;55,75;48,74;1,18
83,54;1,07;-1,87;-2,12;55,75;48,74;1,18
83,56;1,07;-1,87;-2,12;55,75;48,74;1,18
83,58;1,07;-1,87;-2,12;55,75;48,74;1,18
83,60;1,07;-1,87;-2,12;55,75;48,74;1,18
83,60;1,07;-1,87;-2,12;55,75;48,74;1,18
83,60;-0,05;-0,92;-1,26;55,75;48,74;1,18
83,62;-0,05;-0,92;-1,26;55,75;48,74;1,18
83,64;-0,05;-0,92;-1,26;55,75;48,74;1,18
83,66;-0,05;-0,92;-1,26;55,75;48,74;1,18
83,66;-0,05;-0,92;-1,26;55,75;48,74;1,18
83,66;-0,51;-0,10;-3,63;55,75;48,74;1,18
83,68;-0,51;-0,10;-3,63;55,75;48,74;1,18
83,70;-0,51;-0,10;-3,63;55,75;48,74;1,18
83,72;-0,51;-0,10;-3,63;55,75;48,74;1,18
83,72;-0,51;-0,10;-3,63;55,75;48,74;1,18
83,72;-0,60;0,01;-3,40;55,75;48,74;1,18
83,74;-0,60;0,01;-3,40;55,75;48,74;1,18
83,76;-0,60;0,01;-3,40;55,75;48,74;1,18
83,78;-0,60;0,01;-3,40;55,75;48,74;1,18
83,80;-0,60;0,01;-3,40;55,75;48,74;1,18
83,80;-0,60;0,01;-3,40;55,75;48,74;1,18
83,80;-0,90;0,76;-0,42;55,75;48,74;1,18
83,82;-0,90;0,76;-0,42;55,75;48,74;1,18
83,84;-0,90;0,76;-0,42;55,75;48,74;1,18
83,86;-0,90;0,76;-0,42;55,75;48,74;1,18
83,86;-0,90;0,76;-0,42;55,75;48,74;1,18
83,86;0,11;2,15;1,85;55,75;48,74;1,18
83,88;0,11;2,15;1,85;55,75;48,74;1,18
83,90;0,11;2,15;1,85;55,75;48,74;1,18
83,92;0,11;2,15;1,85;55,75;48,74;1,18
83,94;0,11;2,15;1,85;55,75;48,74;1,18
83,94;-0,51;1,72;4,51;55,75;48,74;1,18
83,94;-0,51;1,72;4,51;55,75;48,74;1,18
83,96;-0,51;1,72;4,51;55,75;48,74;1,18
83,97;-0,51;1,72;4,51;55,75;48,74;1,18
84,00;-0,51;1,72;4,51;55,75;48,74;1,19
84,00;-0,29;1,06;2,81;55,75;48,74;1,19
84,00;-0,29;1,06;2,81;55,75;48,74;1,19
84,02;-0,29;1,06;2,81;55,75;48,74;1,19
84,03;-0,29;1,06;2,81;55,75;48,74;1,19
84,05;-0,29;1,06;2,81;55,75;48,74;1,19
84,06;-2,09;-1,51;1,07;55,75;48,74;1,19
84,06;-2,09;-1,51;1,07;55,75;48,74;1,19
84,07;-2,09;-1,51;1,07;55,75;48,74;1,19
84,09;-2,09;-1,51;1,07;55,75;48,74;1,19
84,11;-2,09;-1,51;1,07;55,75;48,74;1,19
84,13;-2,09;-1,51;1,07;55,75;48,74;1,19
84,13;-2,09;-1,51;1,07;55,75;48,74;1,19
84,13;-0,06;-1,99;-0,36;55,75;48,74;1,19
84,15;-0,06;-1,99;-0,36;55,75;48,74;1,19
84,17;-0,06;-1,99;-0,36;55,75;48,74;1,19
84,19;-0,06;-1,99;-0,36;55,75;48,74;1,19
84,19;-0,06;-1,99;-0,36;55,75;48,74;1,19
84,19;0,17;-1,61;-2,88;55,75;48,74;1,19
84,21;0,17;-1,61;-2,88;55,75;48,74;1,19
84,23;0,17;-1,61;-2,88;55,75;48,74;1,19
84,25;0,17;-1,61;-2,88;55,75;48,74;1,19
84,27;0,17;-1,61;-2,88;55,75;48,74;1,19
84,27;0,17;-1,61;-2,88;55,75;48,74;1,19
84,27;-0,48;-0,65;-4,35;55,75;48,74;1,19
84,29;-0,48;-0,65;-4,35;55,75;48,74;1,19
84,31;-0,48;-0,65;-4,35;55,75;48,74;1,19
84,33;-0,48;-0,65;-4,35;55,75;48,74;1,19
84,33;-0,48;-0,65;-4,35;55,75;48,74;1,19
84,33;0,23;0,46;-1,79;55,75;48,74;1,19
84,35;0,23;0,46;-1,79;55,75;48,74;1,19
84,37;0,23;0,46;-1,79;55,75;48,74;1,19
84,39;0,23;0,46;-1,79;55,75;48,74;1,19
84,39;0,23;0,46;-1,79;55,75;48,74;1,19
84,39;0,22;0,96;1,88;55,75;48,74;1,19
84,41;0,22;0,96;1,88;55,75;48,74;1,19
84,43;0,22;0,96;1,88;55,75;48,74;1,19
84,45;0,22;0,96;1,88;55,75;48,74;1,19
84,47;0,22;0,96;1,88;55,75;48,74;1,19
84,47;1,03;1,30;3,85;55,75;48,74;1,19
84,47;1,03;1,30;3,85;55,75;48,74;1,19
84,49;1,03;1,30;3,85;55,75;48,74;1,19
84,51;1,03;1,30;3,85;55,75;48,74;1,19
84,53;1,03;1,30;3,85;55,75;48,74;1,19
84,53;1,03;1,30;3,85;55,75;48,74;1,19
84,53;0,95;0,86;3,81;55,75;48,74;1,19
84,54;0,95;0,86;3,81;55,75;48,74;1,19
84,57;0,95;0,86;3,81;55,75;48,74;1,19
84,58;0,95;0,86;3,81;55,75;48,74;1,19
84,61;0,95;0,86;3,81;55,75;48,74;1,19
84,61;0,95;0,86;3,81;55,75;48,74;1,19
84,61;0,82;-1,87;2,20;55,75;48,74;1,19
84,62;0,82;-1,87;2,20;55,75;48,74;1,19
84,64;0,82;-1,87;2,20;55,75;48,74;1,19
84,66;0,82;-1,87;2,20;55,75;48,74;1,19
84,66;0,82;-1,87;2,20;55,75;48,74;1,19
84,67;2,00;-2,13;-2,47;55,75;48,74;1,19
84,68;2,00;-2,13;-2,47;55,75;48,74;1,19
84,70;2,00;-2,13;-2,47;55,75;48,74;1,19
84,72;-0,26;-1,23;-2,98;55,75;48,74;1,19
84,72;-0,26;-1,23;-2,98;55,75;48,74;1,19
84,73;-0,26;-1,23;-2,98;55,75;48,74;1,19
84,74;-0,26;-1,23;-2,98;55,75;48,74;1,19
84,76;-0,26;-1,23;-2,98;55,75;48,74;1,19
84,78;-0,26;-1,23;-2,98;55,75;48,74;1,19
84,80;-0,26;-1,23;-2,98;55,75;48,74;1,19
84,80;-0,62;-0,56;-3,55;55,75;48,74;1,19
84,80;-0,62;-0,56;-3,55;55,75;48,74;1,19
84,82;-0,62;-0,56;-3,55;55,75;48,74;1,19
84,84;-0,62;-0,56;-3,55;55,75;48,74;1,19
84,86;-0,62;-0,56;-3,55;55,75;48,74;1,19
84,86;-0,62;-0,56;-3,55;55,75;48,74;1,19
84,86;-1,16;-0,04;-2,24;55,75;48,74;1,19
84,88;-1,16;-0,04;-2,24;55,75;48,74;1,19
84,90;-1,16;-0,04;-2,24;55,75;48,74;1,19
84,92;-1,16;-0,04;-2,24;55,75;48,74;1,19
84,92;-0,39;0,93;-0,16;55,75;48,74;1,19
84,92;-0,39;0,93;-0,16;55,75;48,74;1,19
84,94;-0,39;0,93;-0,16;55,75;48,74;1,19
84,96;-0,39;0,93;-0,16;55,75;48,74;1,19
84,98;-0,39;0,93;-0,16;55,75;48,74;1,19
85,00;-0,39;0,93;-0,16;55,75;48,74;1,18
85,00;-0,39;0,93;-0,16;55,75;48,74;1,18
85,00;-0,30;1,85;2,74;55,75;48,74;1,18
85,02;-0,30;1,85;2,74;55,75;48,74;1,18
85,04;-0,30;1,85;2,74;55,75;48,74;1,18
85,06;-0,72;2,19;3,05;55,75;48,74;1,18
85,06;-0,72;2,19;3,05;55,75;48,74;1,18
85,06;-0,72;2,19;3,05;55,75;48,74;1,18
85,08;-0,72;2,19;3,05;55,75;48,74;1,18
85,10;-0,72;2,19;3,05;55,75;48,74;1,18
85,12;-0,72;2,19;3,05;55,75;48,74;1,18
85,14;-0,72;2,19;3,05;55,75;48,74;1,18
85,14;-1,26;0,49;3,35;55,75;48,74;1,18
85,14;-1,26;0,49;3,35;55,75;48,74;1,18
85,16;-1,26;0,49;3,35;55,75;48,74;1,18
85,17;-1,26;0,49;3,35;55,75;48,74;1,18
85,20;-1,26;0,49;3,35;55,75;48,74;1,18
85,20;-1,26;0,49;3,35;55,75;48,74;1,18
85,20;-1,54;-1,37;1,25;55,75;48,74;1,18
85,21;-1,54;-1,37;1,25;55,75;48,74;1,18
85,23;-1,54;-1,37;1,25;55,75;48,74;1,18
85,25;-1,54;-1,37;1,25;55,75;48,74;1,18
85,26;0,14;-1,82;-1,57;55,75;48,74;1,18
85,26;0,14;-1,82;-1,57;55,75;48,74;1,18
85,27;0,14;-1,82;-1,57;55,75;48,74;1,18
85,29;0,14;-1,82;-1,57;55,75;48,74;1,18
85,31;0,14;-1,82;-1,57;55,75;48,74;1,18
85,33;0,14;-1,82;-1,57;55,75;48,74;1,18
85,33;-0,26;-2,02;-2,69;55,75;48,74;1,18
85,33;-0,26;-2,02;-2,69;55,75;48,74;1,18
85,35;-0,26;-2,02;-2,69;55,75;48,74;1,18
85,37;-0,26;-2,02;-2,69;55,75;48,74;1,18
85,39;-0,26;-2,02;-2,69;55,75;48,74;1,18
85,39;-0,26;-2,02;-2,69;55,75;48,74;1,18
85,39;0,35;-0,80;-3,35;55,75;48,74;1,18
85,41;0,35;-0,80;-3,35;55,75;48,74;1,18
85,43;0,35;-0,80;-3,35;55,75;48,74;1,18
85,45;0,35;-0,80;-3,35;55,75;48,74;1,18
85,47;0,35;-0,80;-3,35;55,75;48,74;1,18
85,47;0,10;0,46;-1,58;55,75;48,74;1,18
85,47;0,10;0,46;-1,58;55,75;48,74;1,18
85,49;0,10;0,46;-1,58;55,75;48,74;1,18
85,51;0,10;0,46;-1,58;55,75;48,74;1,18
85,53;0,10;0,46;-1,58;55,75;48,74;1,18
85,53;0,10;0,46;-1,58;55,75;48,74;1,18
85,53;0,22;1,68;0,61;55,75;48,74;1,18
85,55;0,22;1,68;0,61;55,75;48,74;1,18
85,57;0,22;1,68;0,61;55,75;48,74;1,18
85,59;0,22;1,68;0,61;55,75;48,74;1,18
85,59;0,22;1,68;0,61;55,75;48,74;1,18
85,59;0,75;1,72;2,93;55,75;48,74;1,18
85,61;0,75;1,72;2,93;55,75;48,74;1,18
85,63;0,75;1,72;2,93;55,75;48,74;1,18
85,65;0,75;1,72;2,93;55,75;48,74;1,18
85,67;0,75;1,72;2,93;55,75;48,74;1,18
85,67;1,63;1,21;2,49;55,75;48,74;1,18
85,67;1,63;1,21;2,49;55,75;48,74;1,18
85,69;1,63;1,21;2,49;55,75;48,74;1,18
85,71;1,63;1,21;2,49;55,75;48,74;1,18
85,73;1,63;1,21;2,49;55,75;48,74;1,18
85,73;1,63;1,21;2,49;55,75;48,74;1,18
85,73;1,25;-1,28;2,37;55,75;48,74;1,18
85,75;1,25;-1,28;2,37;55,75;48,74;1,18
85,76;1,25;-1,28;2,37;55,75;48,74;1,18
85,78;1,25;-1,28;2,37;55,75;48,74;1,18
85,81;1,25;-1,28;2,37;55,75;48,74;1,18
85,81;1,25;-1,28;2,37;55,75;48,74;1,18
85,81;1,22;-1,78;-0,42;55,75;48,74;1,18
85,82;1,22;-1,78;-0,42;55,75;48,74;1,18
85,84;1,22;-1,78;-0,42;55,75;48,74;1,18
85,86;1,22;-1,78;-0,42;55,75;48,74;1,18
85,86;1,22;-1,78;-0,42;55,75;48,74;1,18
85,87;1,24;-0,99;-1,68;55,75;48,74;1,18
85,88;1,24;-0,99;-1,68;55,75;48,74;1,18
85,90;1,24;-0,99;-1,68;55,75;48,74;1,18
85,92;1,24;-0,99;-1,68;55,75;48,74;1,18
85,92;1,24;-0,99;-1,68;55,75;48,74;1,18
85,92;-0,76;-0,53;-3,31;55,75;48,74;1,18
85,94;-0,76;-0,53;-3,31;55,75;48,74;1,18
85,96;-0,76;-0,53;-3,31;55,75;48,74;1,18
85,98;-0,76;-0,53;-3,31;55,75;48,74;1,18
86,00;-0,76;-0,53;-3,31;55,75;48,74;1,16
86,00;-0,76;-0,53;-3,31;55,75;48,74;1,16
86,01;-0,66;-0,41;-3,49;55,75;48,74;1,16
86,02;-0,66;-0,41;-3,49;55,75;48,74;1,16
86,04;-0,66;-0,41;-3,49;55,75;48,74;1,16
86,06;-0,66;-0,41;-3,49;55,75;48,74;1,16
86,06;-0,66;-0,41;-3,49;55,75;48,74;1,16
86,06;-1,21;0,30;-1,68;55,75;48,74;1,16
86,08;-1,21;0,30;-1,68;55,75;48,74;1,16
86,10;-1,21;0,30;-1,68;55,75;48,74;1,16
86,12;-1,21;0,30;-1,68;55,75;48,74;1,16
86,12;-0,13;2,03;1,42;55,75;48,74;1,16
86,12;-0,13;2,03;1,42;55,75;48,74;1,16
86,14;-0,13;2,03;1,42;55,75;48,74;1,16
86,16;-0,13;2,03;1,42;55,75;48,74;1,16
86,18;-0,13;2,03;1,42;55,75;48,74;1,16
86,20;-0,13;2,03;1,42;55,75;48,74;1,16
86,20;-0,13;2,03;1,42;55,75;48,74;1,16
86,20;0,31;2,39;3,91;55,75;48,74;1,16
86,22;0,31;2,39;3,91;55,75;48,74;1,16
86,24;0,31;2,39;3,91;55,75;48,74;1,16
86,26;0,31;2,39;3,91;55,75;48,74;1,16
86,26;0,31;2,39;3,91;55,75;48,74;1,16
86,26;-0,12;0,00;6,54;55,75;48,74;1,16
86,28;-0,12;0,00;6,54;55,75;48,74;1,16
86,30;-0,12;0,00;6,54;55,75;48,74;1,16
86,32;-0,12;0,00;6,54;55,75;48,74;1,16
86,34;-0,12;0,00;6,54;55,75;48,74;1,16
86,34;-0,48;-1,48;1,07;55,75;48,74;1,16
86,34;-0,48;-1,48;1,07;55,75;48,74;1,16
86,35;-0,48;-1,48;1,07;55,75;48,74;1,16
86,37;-0,48;-1,48;1,07;55,75;48,74;1,16
86,39;-0,48;-1,48;1,07;55,75;48,74;1,16
86,40;0,04;-1,99;-1,33;55,75;48,74;1,16
86,40;0,04;-1,99;-1,33;55,75;48,74;1,16
86,41;0,04;-1,99;-1,33;55,75;48,74;1,16
86,43;0,04;-1,99;-1,33;55,75;48,74;1,16
86,45;-1,19;-1,69;-3,51;55,75;48,74;1,16
86,46;-1,19;-1,69;-3,51;55,75;48,74;1,16
86,46;-1,19;-1,69;-3,51;55,75;48,74;1,16
86,47;-1,19;-1,69;-3,51;55,75;48,74;1,16
86,49;-1,19;-1,69;-3,51;55,75;48,74;1,16
86,51;-1,19;-1,69;-3,51;55,75;48,74;1,16
86,53;-1,19;-1,69;-3,51;55,75;48,74;1,16
86,53;-0,53;-1,04;-3,88;55,75;48,74;1,16
86,54;-0,53;-1,04;-3,88;55,75;48,74;1,16
86,55;-0,53;-1,04;-3,88;55,75;48,74;1,16
86,57;-0,53;-1,04;-3,88;55,75;48,74;1,16
86,59;-0,53;-1,04;-3,88;55,75;48,74;1,16
86,59;-0,11;-0,24;-1,91;55,75;48,74;1,16
86,59;-0,11;-0,24;-1,91;55,75;48,74;1,16
86,61;-0,11;-0,24;-1,91;55,75;48,74;1,16
86,63;-0,11;-0,24;-1,91;55,75;48,74;1,16
86,65;-0,11;-0,24;-1,91;55,75;48,74;1,16
86,67;-0,11;-0,24;-1,91;55,75;48,74;1,16
86,67;-0,11;-0,24;-1,91;55,75;48,74;1,16
86,67;-0,22;-0,04;1,75;55,75;48,74;1,16
86,69;-0,22;-0,04;1,75;55,75;48,74;1,16
86,71;-0,22;-0,04;1,75;55,75;48,74;1,16
86,73;-0,22;-0,04;1,75;55,75;48,74;1,16
86,73;0,12;0,35;3,27;55,75;48,74;1,16
86,73;0,12;0,35;3,27;55,75;48,74;1,16
86,75;0,12;0,35;3,27;55,75;48,74;1,16
86,77;0,12;0,35;3,27;55,75;48,74;1,16
86,79;0,12;0,35;3,27;55,75;48,74;1,16
86,79;1,47;0,00;2,67;55,75;48,74;1,16
86,79;1,47;0,00;2,67;55,75;48,74;1,16
86,81;1,47;0,00;2,67;55,75;48,74;1,16
86,83;1,47;0,00;2,67;55,75;48,74;1,16
86,85;1,47;0,00;2,67;55,75;48,74;1,16
86,87;1,47;0,00;2,67;55,75;48,74;1,16
86,87;1,47;0,00;2,67;55,75;48,74;1,16
86,87;2,04;-0,97;1,37;55,75;48,74;1,16
86,89;2,04;-0,97;1,37;55,75;48,74;1,16
86,91;2,04;-0,97;1,37;55,75;48,74;1,16
86,93;2,04;-0,97;1,37;55,75;48,74;1,16
86,93;2,04;-0,97;1,37;55,75;48,74;1,16
86,93;3,86;-0,51;-2,20;55,75;48,74;1,16
86,94;3,86;-0,51;-2,20;55,75;48,74;1,16
86,97;3,86;-0,51;-2,20;55,75;48,74;1,16
86,98;3,86;-0,51;-2,20;55,75;48,74;1,01
87,00;3,86;-0,51;-2,20;55,75;48,74;1,01
87,01;3,86;-0,51;-2,20;55,75;48,74;1,01
87,01;0,02;-0,55;-0,63;55,75;48,74;1,01
87,02;0,02;-0,55;-0,63;55,75;48,74;1,01
87,04;0,02;-0,55;-0,63;55,75;48,74;1,01
87,06;0,02;-0,55;-0,63;55,75;48,74;1,01
87,06;-0,47;0,09;-2,87;55,75;48,74;1,01
87,07;-0,47;0,09;-2,87;55,75;48,74;1,01
87,08;-0,47;0,09;-2,87;55,75;48,74;1,01
87,10;-0,47;0,09;-2,87;55,75;48,74;1,01
87,12;-0,47;0,09;-2,87;55,75;48,74;1,01
87,12;-0,47;0,09;-2,87;55,75;48,74;1,01
87,12;-1,27;-0,13;-2,58;55,75;48,74;1,01
87,14;-1,27;-0,13;-2,58;55,75;48,74;1,01
87,16;-1,27;-0,13;-2,58;55,75;48,74;1,01
87,18;-1,27;-0,13;-2,58;55,75;48,74;1,01
87,20;-1,27;-0,13;-2,58;55,75;48,74;1,01
87,20;-1,45;0,54;-1,06;55,75;48,74;1,01
87,20;-1,45;0,54;-1,06;55,75;48,74;1,01
87,22;-1,45;0,54;-1,06;55,75;48,74;1,01
87,24;-1,45;0,54;-1,06;55,75;48,74;1,01
87,26;-1,45;0,54;-1,06;55,75;48,74;1,01
87,26;-1,45;0,54;-1,06;55,75;48,74;1,01
87,26;-0,93;1,87;0,39;55,75;48,74;1,01
87,28;-0,93;1,87;0,39;55,75;48,74;1,01
87,30;-0,93;1,87;0,39;55,75;48,74;1,01
87,32;-0,93;1,87;0,39;55,75;48,74;1,01
87,32;-0,93;1,87;0,39;55,75;48,74;1,01
87,32;-0,33;1,60;3,57;55,75;48,74;1,01
87,34;-0,33;1,60;3,57;55,75;48,74;1,01
87,36;-0,33;1,60;3,57;55,75;48,74;1,01
87,38;-0,33;1,60;3,57;55,75;48,74;1,01
87,40;-0,33;1,60;3,57;55,75;48,74;1,01
87,40;-0,33;1,60;3,57;55,75;48,74;1,01
87,40;-0,96;1,17;2,54;55,75;48,74;1,01
87,42;-0,96;1,17;2,54;55,75;48,74;1,01
87,44;-0,96;1,17;2,54;55,75;48,74;1,01
87,46;-0,96;1,17;2,54;55,75;48,74;1,01
87,46;-0,96;1,17;2,54;55,75;48,74;1,01
87,46;-0,45;-1,61;3,89;55,75;48,74;1,01
87,48;-0,45;-1,61;3,89;55,75;48,74;1,01
87,50;-0,45;-1,61;3,89;55,75;48,74;1,01
87,52;-0,45;-1,61;3,89;55,75;48,74;1,01
87,54;-0,45;-1,61;3,89;55,75;48,74;1,01
87,54;-0,45;-1,61;3,89;55,75;48,74;1,01
87,54;-1,14;-0,77;-2,05;55,75;48,74;1,01
87,56;-1,14;-0,77;-2,05;55,75;48,74;1,01
87,57;-1,14;-0,77;-2,05;55,75;48,74;1,01
87,59;-1,14;-0,77;-2,05;55,75;48,74;1,01
87,60;-0,02;-1,26;-1,55;55,75;48,74;1,01
87,60;-0,02;-1,26;-1,55;55,75;48,74;1,01
87,61;-0,02;-1,26;-1,55;55,75;48,74;1,01
87,63;-0,02;-1,26;-1,55;55,75;48,74;1,01
87,65;-0,02;-1,26;-1,55;55,75;48,74;1,01
87,65;-0,02;-1,26;-1,55;55,75;48,74;1,01
87,66;-1,08;-1,42;-2,58;55,75;48,74;1,01
87,67;-1,08;-1,42;-2,58;55,75;48,74;1,01
87,69;-1,08;-1,42;-2,58;55,75;48,74;1,01
87,71;-1,08;-1,42;-2,58;55,75;48,74;1,01
87,73;-1,08;-1,42;-2,58;55,75;48,74;1,01
87,73;-1,08;-1,42;-2,58;55,75;48,74;1,01
87,73;-0,74;-0,69;-2,76;55,75;48,74;1,01
87,75;-0,74;-0,69;-2,76;55,75;48,74;1,01
87,77;-0,74;-0,69;-2,76;55,75;48,74;1,01
87,79;-0,74;-0,69;-2,76;55,75;48,74;1,01
87,79;-0,74;-0,69;-2,76;55,75;48,74;1,01
87,79;0,15;-0,18;0,33;55,75;48,74;1,01
87,81;0,15;-0,18;0,33;55,75;48,74;1,01
87,83;0,15;-0,18;0,33;55,75;48,74;1,01
87,85;0,15;-0,18;0,33;55,75;48,74;1,01
87,87;0,15;-0,18;0,33;55,75;48,74;1,01
87,87;-1,07;1,06;0,87;55,75;48,74;1,01
87,87;-1,07;1,06;0,87;55,75;48,74;1,01
87,89;-1,07;1,06;0,87;55,75;48,74;1,01
87,91;-1,07;1,06;0,87;55,75;48,74;1,01
87,93;-1,07;1,06;0,87;55,75;48,74;1,01
87,93;-1,07;1,06;0,87;55,75;48,74;1,01
87,93;0,73;1,12;2,45;55,75;48,74;1,01
87,95;0,73;1,12;2,45;55,75;48,74;1,01
87,97;0,73;1,12;2,45;55,75;48,74;1,01
87,99;0,73;1,12;2,45;55,75;48,74;1,10
87,99;2,49;0,79;3,38;55,75;48,74;1,10
87,99;2,49;0,79;3,38;55,75;48,74;1,10
88,01;2,49;0,79;3,38;55,75;48,74;1,10
88,03;2,49;0,79;3,38;55,75;48,74;1,10
88,05;2,49;0,79;3,38;55,75;48,74;1,10
88,07;2,49;0,79;3,38;55,75;48,74;1,10
88,07;2,49;0,79;3,38;55,75;48,74;1,10
88,07;1,30;-0,70;1,08;55,75;48,74;1,10
88,09;1,30;-0,70;1,08;55,75;48,74;1,10
88,10;1,30;-0,70;1,08;55,75;48,74;1,10
88,12;1,30;-0,70;1,08;55,75;48,74;1,10
88,13;1,53;-1,33;-2,58;55,75;48,74;1,10
88,13;1,53;-1,33;-2,58;55,75;48,74;1,10
88,14;1,53;-1,33;-2,58;55,75;48,74;1,10
88,16;1,53;-1,33;-2,58;55,75;48,74;1,10
88,18;1,53;-1,33;-2,58;55,75;48,74;1,10
88,20;1,53;-1,33;-2,58;55,75;48,74;1,10
88,21;1,53;-1,33;-2,58;55,75;48,74;1,10
88,21;-0,16;-1,10;-2,33;55,75;48,74;1,10
88,22;-0,16;-1,10;-2,33;55,75;48,74;1,10
88,24;-0,16;-1,10;-2,33;55,75;48,74;1,10
88,26;-0,16;-1,10;-2,33;55,75;48,74;1,10
88,26;-0,72;-0,84;-2,74;55,75;48,74;1,10
88,27;-0,72;-0,84;-2,74;55,75;48,74;1,10
88,28;-0,72;-0,84;-2,74;55,75;48,74;1,10
88,30;-0,72;-0,84;-2,74;55,75;48,74;1,10
88,32;-0,72;-0,84;-2,74;55,75;48,74;1,10
88,32;-0,72;-0,84;-2,74;55,75;48,74;1,10
88,32;-0,33;-0,06;-2,53;55,75;48,74;1,10
88,34;-0,33;-0,06;-2,53;55,75;48,74;1,10
88,36;-0,33;-0,06;-2,53;55,75;48,74;1,10
88,38;-0,33;-0,06;-2,53;55,75;48,74;1,10
88,40;-0,33;-0,06;-2,53;55,75;48,74;1,10
88,40;-0,47;1,30;0,13;55,75;48,74;1,10
88,40;-0,47;1,30;0,13;55,75;48,74;1,10
88,42;-0,47;1,30;0,13;55,75;48,74;1,10
88,44;-0,47;1,30;0,13;55,75;48,74;1,10
88,46;-0,40;2,17;1,70;55,75;48,74;1,10
88,46;-0,40;2,17;1,70;55,75;48,74;1,10
88,46;-0,40;2,17;1,70;55,75;48,74;1,10
88,48;-0,40;2,17;1,70;55,75;48,74;1,10
88,50;-0,40;2,17;1,70;55,75;48,74;1,10
88,52;-0,40;2,17;1,70;55,75;48,74;1,10
88,54;-0,40;2,17;1,70;55,75;48,74;1,10
88,54;-0,33;1,86;2,68;55,75;48,74;1,10
88,54;-0,33;1,86;2,68;55,75;48,74;1,10
88,56;-0,33;1,86;2,68;55,75;48,74;1,10
88,58;-0,33;1,86;2,68;55,75;48,74;1,10
88,60;-0,33;1,86;2,68;55,75;48,74;1,10
88,60;0,78;-0,90;5,62;55,75;48,74;1,10
88,60;0,78;-0,90;5,62;55,75;48,74;1,10
88,62;0,78;-0,90;5,62;55,75;48,74;1,10
88,64;0,78;-0,90;5,62;55,75;48,74;1,10
88,66;0,78;-0,90;5,62;55,75;48,74;1,10
88,66;-1,56;-1,27;-0,35;55,75;48,74;1,10
88,66;-1,56;-1,27;-0,35;55,75;48,74;1,10
88,68;-1,56;-1,27;-0,35;55,75;48,74;1,10
88,69;-1,56;-1,27;-0,35;55,75;48,74;1,10
88,71;-1,56;-1,27;-0,35;55,75;48,74;1,10
88,74;-1,56;-1,27;-0,35;55,75;48,74;1,10
88,74;-1,56;-1,27;-0,35;55,75;48,74;1,10
88,74;-0,70;-1,10;-1,64;55,75;48,74;1,10
88,75;-0,70;-1,10;-1,64;55,75;48,74;1,10
88,77;-0,70;-1,10;-1,64;55,75;48,74;1,10
88,79;-0,70;-1,10;-1,64;55,75;48,74;1,10
88,79;-0,42;-1,37;-2,23;55,75;48,74;1,10
88,80;-0,42;-1,37;-2,23;55,75;48,74;1,10
88,81;-0,42;-1,37;-2,23;55,75;48,74;1,10
88,83;-0,42;-1,37;-2,23;55,75;48,74;1,10
88,85;-0,42;-1,37;-2,23;55,75;48,74;1,10
88,85;-0,42;-1,37;-2,23;55,75;48,74;1,10
88,86;-1,16;-1,03;-2,09;55,75;48,74;1,10
88,87;-1,16;-1,03;-2,09;55,75;48,74;1,10
88,89;-1,16;-1,03;-2,09;55,75;48,74;1,10
88,91;-1,16;-1,03;-2,09;55,75;48,74;1,10
88,93;-1,16;-1,03;-2,09;55,75;48,74;1,10
88,93;-1,16;-1,03;-2,09;55,75;48,74;1,10
88,93;-0,66;0,09;-1,50;55,75;48,74;1,10
88,95;-0,66;0,09;-1,50;55,75;48,74;1,10
88,97;-0,66;0,09;-1,50;55,75;48,74;1,10
88,99;-0,66;0,09;-1,50;55,75;48,74;1,10
88,99;-0,66;0,09;-1,50;55,75;48,74;1,18
88,99;-0,14;0,50;1,52;55,75;48,74;1,18
89,01;-0,14;0,50;1,52;55,75;48,74;1,18
89,03;-0,14;0,50;1,52;55,75;48,74;1,18
89,05;-0,14;0,50;1,52;55,75;48,74;1,18
89,07;-0,14;0,50;1,52;55,75;48,74;1,18
89,07;-0,14;0,50;1,52;55,75;48,74;1,18
89,07;0,93;1,24;1,64;55,75;48,74;1,18
89,09;0,93;1,24;1,64;55,75;48,74;1,18
89,11;0,93;1,24;1,64;55,75;48,74;1,18
89,13;2,62;1,77;1,62;55,75;48,74;1,18
89,13;2,62;1,77;1,62;55,75;48,74;1,18
89,13;2,62;1,77;1,62;55,75;48,74;1,18
89,15;2,62;1,77;1,62;55,75;48,74;1,18
89,17;2,62;1,77;1,62;55,75;48,74;1,18
89,19;2,62;1,77;1,62;55,75;48,74;1,18
89,19;2,62;1,77;1,62;55,75;48,74;1,18
89,19;1,81;-1,16;2,12;55,75;48,74;1,18
89,21;1,81;-1,16;2,12;55,75;48,74;1,18
89,23;1,81;-1,16;2,12;55,75;48,74;1,18
89,25;1,81;-1,16;2,12;55,75;48,74;1,18
89,27;1,81;-1,16;2,12;55,75;48,74;1,18
89,27;1,81;-1,16;2,12;55,75;48,74;1,18
89,27;0,70;-2,07;-0,52;55,75;48,74;1,18
89,29;0,70;-2,07;-0,52;55,75;48,74;1,18
89,31;0,70;-2,07;-0,52;55,75;48,74;1,18
89,32;0,70;-2,07;-0,52;55,75;48,74;1,18
89,33;0,70;-2,07;-0,52;55,75;48,74;1,18
89,33;1,18;-1,02;-2,18;55,75;48,74;1,18
89,34;1,18;-1,02;-2,18;55,75;48,74;1,18
89,36;1,18;-1,02;-2,18;55,75;48,74;1,18
89,38;1,18;-1,02;-2,18;55,75;48,74;1,18
89,40;1,18;-1,02;-2,18;55,75;48,74;1,18
89,40;1,18;-1,02;-2,18;55,75;48,74;1,18
89,41;-1,08;-0,52;-3,18;55,75;48,74;1,18
89,42;-1,08;-0,52;-3,18;55,75;48,74;1,18
89,44;-1,08;-0,52;-3,18;55,75;48,74;1,18
89,46;-0,98;-0,24;-3,49;55,75;48,74;1,18
89,46;-0,98;-0,24;-3,49;55,75;48,74;1,18
89,46;-0,98;-0,24;-3,49;55,75;48,74;1,18
89,48;-0,98;-0,24;-3,49;55,75;48,74;1,18
89,50;-0,98;-0,24;-3,49;55,75;48,74;1,18
89,52;-0,98;-0,24;-3,49;55,75;48,74;1,18
89,52;-0,98;-0,24;-3,49;55,75;48,74;1,18
89,52;-0,83;0,35;-1,28;55,75;48,74;1,18
89,54;-0,83;0,35;-1,28;55,75;48,74;1,18
89,56;-0,83;0,35;-1,28;55,75;48,74;1,18
89,58;-0,83;0,35;-1,28;55,75;48,74;1,18
89,60;-0,83;0,35;-1,28;55,75;48,74;1,18
89,60;-0,83;0,35;-1,28;55,75;48,74;1,18
89,60;-0,26;1,52;1,75;55,75;48,74;1,18
89,62;-0,26;1,52;1,75;55,75;48,74;1,18
89,64;-0,26;1,52;1,75;55,75;48,74;1,18
89,66;-0,26;1,52;1,75;55,75;48,74;1,18
89,66;-0,26;1,52;1,75;55,75;48,74;1,18
89,66;0,60;2,48;3,26;55,75;48,74;1,18
89,68;0,60;2,48;3,26;55,75;48,74;1,18
89,70;0,60;2,48;3,26;55,75;48,74;1,18
89,72;0,60;2,48;3,26;55,75;48,74;1,18
89,74;0,60;2,48;3,26;55,75;48,74;1,18
89,74;0,60;2,48;3,26;55,75;48,74;1,18
89,74;-0,46;1,95;4,55;55,75;48,74;1,18
89,76;-0,46;1,95;4,55;55,75;48,74;1,18
89,78;-0,46;1,95;4,55;55,75;48,74;1,18
89,80;-0,46;1,95;4,55;55,75;48,74;1,18
89,80;-0,46;1,95;4,55;55,75;48,74;1,18
89,80;-1,53;-0,83;1,58;55,75;48,74;1,18
89,82;-1,53;-0,83;1,58;55,75;48,74;1,18
89,84;-1,53;-0,83;1,58;55,75;48,74;1,18
89,86;-1,53;-0,83;1,58;55,75;48,74;1,18
89,86;-0,42;-1,60;0,35;55,75;48,74;1,18
89,86;-0,42;-1,60;0,35;55,75;48,74;1,18
89,88;-0,42;-1,60;0,35;55,75;48,74;1,18
89,90;-0,42;-1,60;0,35;55,75;48,74;1,18
89,91;-0,42;-1,60;0,35;55,75;48,74;1,18
89,94;-0,42;-1,60;0,35;55,75;48,74;1,18
89,94;-0,42;-1,60;0,35;55,75;48,74;1,18
89,94;-0,25;-3,09;0,41;55,75;48,74;1,18
89,95;-0,25;-3,09;0,41;55,75;48,74;1,18
89,97;-0,25;-3,09;0,41;55,75;48,74;1,18
89,99;-0,25;-3,09;0,41;55,75;48,74;1,08
89,99;-0,25;-3,09;0,41;55,75;48,74;1,08
89,99;-0,93;-2,01;-3,58;55,75;48,74;1,08
90,01;-0,93;-2,01;-3,58;55,75;48,74;1,08
90,03;-0,93;-2,01;-3,58;55,75;48,74;1,08
90,05;-0,93;-2,01;-3,58;55,75;48,74;1,08
90,05;0,25;-0,48;-4,31;55,75;48,74;1,08
90,06;0,25;-0,48;-4,31;55,75;48,74;1,08
90,07;0,25;-0,48;-4,31;55,75;48,74;1,08
90,09;0,25;-0,48;-4,31;55,75;48,74;1,08
90,11;0,25;-0,48;-4,31;55,75;48,74;1,08
90,13;0,25;-0,48;-4,31;55,75;48,74;1,08
90,14;0,44;0,46;-1,06;55,75;48,74;1,08
90,14;0,44;0,46;-1,06;55,75;48,74;1,08
90,15;0,44;0,46;-1,06;55,75;48,74;1,08
90,17;0,44;0,46;-1,06;55,75;48,74;1,08
90,19;0,44;0,46;-1,06;55,75;48,74;1,08
90,19;0,92;1,62;0,61;55,75;48,74;1,08
90,19;0,92;1,62;0,61;55,75;48,74;1,08
90,21;0,92;1,62;0,61;55,75;48,74;1,08
90,23;0,92;1,62;0,61;55,75;48,74;1,08
90,25;0,92;1,62;0,61;55,75;48,74;1,08
90,27;0,92;1,62;0,61;55,75;48,74;1,08
90,27;1,42;2,00;4,32;55,75;48,74;1,08
90,27;1,42;2,00;4,32;55,75;48,74;1,08
90,29;1,42;2,00;4,32;55,75;48,74;1,08
90,31;1,42;2,00;4,32;55,75;48,74;1,08
90,33;1,42;2,00;4,32;55,75;48,74;1,08
90,33;1,42;2,00;4,32;55,75;48,74;1,08
90,33;1,63;0,69;3,58;55,75;48,74;1,08
90,35;1,63;0,69;3,58;55,75;48,74;1,08
90,37;1,63;0,69;3,58;55,75;48,74;1,08
90,39;1,63;0,69;3,58;55,75;48,74;1,08
90,39;1,63;0,69;3,58;55,75;48,74;1,08
90,39;0,55;-2,01;1,44;55,75;48,74;1,08
90,41;0,55;-2,01;1,44;55,75;48,74;1,08
90,43;0,55;-2,01;1,44;55,75;48,74;1,08
90,45;0,55;-2,01;1,44;55,75;48,74;1,08
90,47;0,55;-2,01;1,44;55,75;48,74;1,08
90,47;1,10;-1,99;-2,41;55,75;48,74;1,08
90,47;1,10;-1,99;-2,41;55,75;48,74;1,08
90,49;1,10;-1,99;-2,41;55,75;48,74;1,08
90,50;1,10;-1,99;-2,41;55,75;48,74;1,08
90,52;1,10;-1,99;-2,41;55,75;48,74;1,08
90,53;0,50;-1,46;-3,18;55,75;48,74;1,08
90,53;0,50;-1,46;-3,18;55,75;48,74;1,08
90,54;0,50;-1,46;-3,18;55,75;48,74;1,08
90,56;0,50;-1,46;-3,18;55,75;48,74;1,08
90,58;0,50;-1,46;-3,18;55,75;48,74;1,08
90,60;0,50;-1,46;-3,18;55,75;48,74;1,08
90,60;-1,19;-0,33;-2,23;55,75;48,74;1,08
90,61;-1,19;-0,33;-2,23;55,75;48,74;1,08
90,62;-1,19;-0,33;-2,23;55,75;48,74;1,08
90,64;-1,19;-0,33;-2,23;55,75;48,74;1,08
90,66;-1,19;-0,33;-2,23;55,75;48,74;1,08
90,66;-1,19;-0,33;-2,23;55,75;48,74;1,08
90,67;-0,71;0,16;-1,99;55,75;48,74;1,08
90,68;-0,71;0,16;-1,99;55,75;48,74;1,08
90,70;-0,71;0,16;-1,99;55,75;48,74;1,08
90,72;-0,71;0,16;-1,99;55,75;48,74;1,08
90,72;-0,01;0,47;0,20;55,75;48,74;1,08
90,72;-0,01;0,47;0,20;55,75;48,74;1,08
90,74;-0,01;0,47;0,20;55,75;48,74;1,08
90,76;-0,01;0,47;0,20;55,75;48,74;1,08
90,78;-0,01;0,47;0,20;55,75;48,74;1,08
90,80;-0,01;0,47;0,20;55,75;48,74;1,08
90,80;-0,13;1,69;0,87;55,75;48,74;1,08
90,80;-0,13;1,69;0,87;55,75;48,74;1,08
90,82;-0,13;1,69;0,87;55,75;48,74;1,08
90,84;-0,13;1,69;0,87;55,75;48,74;1,08
90,86;-0,13;1,69;0,87;55,75;48,74;1,08
90,86;-0,13;1,69;0,87;55,75;48,74;1,08
90,86;-0,42;1,36;2,65;55,75;48,74;1,08
90,88;-0,42;1,36;2,65;55,75;48,74;1,08
90,90;-0,42;1,36;2,65;55,75;48,74;1,08
90,92;-0,42;1,36;2,65;55,75;48,74;1,08
90,94;-0,42;1,36;2,65;55,75;48,74;1,08
90,94;-0,42;1,36;2,65;55,75;48,74;1,08
90,94;-0,73;-0,18;4,85;55,75;48,74;1,08
90,96;-0,73;-0,18;4,85;55,75;48,74;1,08
90,98;-0,73;-0,18;4,85;55,75;48,74;1,08
91,00;-0,73;-0,18;4,85;55,75;48,74;1,05
91,00;-1,18;-0,58;1,05;55,75;48,74;1,05
91,00;-1,18;-0,58;1,05;55,75;48,74;1,05
91,02;-1,18;-0,58;1,05;55,75;48,74;1,05
91,04;-1,18;-0,58;1,05;55,75;48,74;1,05
91,06;-1,18;-0,58;1,05;55,75;48,74;1,05
91,06;-1,49;-0,37;-1,84;55,75;48,74;1,05
91,06;-1,49;-0,37;-1,84;55,75;48,74;1,05
91,08;-1,49;-0,37;-1,84;55,75;48,74;1,05
91,09;-1,49;-0,37;-1,84;55,75;48,74;1,05
91,12;-1,49;-0,37;-1,84;55,75;48,74;1,05
91,13;-1,49;-0,37;-1,84;55,75;48,74;1,05
91,14;0,05;-1,90;-1,38;55,75;48,74;1,05
91,14;0,05;-1,90;-1,38;55,75;48,74;1,05
91,15;0,05;-1,90;-1,38;55,75;48,74;1,05
91,17;0,05;-1,90;-1,38;55,75;48,74;1,05
91,19;0,05;-1,90;-1,38;55,75;48,74;1,05
91,19;0,05;-1,90;-1,38;55,75;48,74;1,05
91,19;-0,43;-0,62;-3,29;55,75;48,74;1,05
91,21;-0,43;-0,62;-3,29;55,75;48,74;1,05
91,23;-0,43;-0,62;-3,29;55,75;48,74;1,05
91,25;-0,43;-0,62;-3,29;55,75;48,74;1,05
91,25;-0,43;-0,62;-3,29;55,75;48,74;1,05
91,25;-0,42;0,12;-1,81;55,75;48,74;1,05
91,27;-0,42;0,12;-1,81;55,75;48,74;1,05
91,29;-0,42;0,12;-1,81;55,75;48,74;1,05
91,31;-0,42;0,12;-1,81;55,75;48,74;1,05
91,33;-0,42;0,12;-1,81;55,75;48,74;1,05
91,33;-0,42;0,12;-1,81;55,75;48,74;1,05
91,33;0,56;0,58;0,50;55,75;48,74;1,05
91,35;0,56;0,58;0,50;55,75;48,74;1,05
91,37;0,56;0,58;0,50;55,75;48,74;1,05
91,39;0,56;0,58;0,50;55,75;48,74;1,05
91,39;0,85;1,00;1,77;55,75;48,74;1,05
91,39;0,85;1,00;1,77;55,75;48,74;1,05
91,41;0,85;1,00;1,77;55,75;48,74;1,05
91,43;0,85;1,00;1,77;55,75;48,74;1,05
91,45;0,85;1,00;1,77;55,75;48,74;1,05
91,47;0,85;1,00;1,77;55,75;48,74;1,05
91,47;1,28;0,90;2,09;55,75;48,74;1,05
91,47;1,28;0,90;2,09;55,75;48,74;1,05
91,49;1,28;0,90;2,09;55,75;48,74;1,05
91,51;1,28;0,90;2,09;55,75;48,74;1,05
91,53;1,28;0,90;2,09;55,75;48,74;1,05
91,53;1,92;-0,95;1,44;55,75;48,74;1,05
91,53;1,92;-0,95;1,44;55,75;48,74;1,05
91,55;1,92;-0,95;1,44;55,75;48,74;1,05
91,57;1,92;-0,95;1,44;55,75;48,74;1,05
91,59;1,92;-0,95;1,44;55,75;48,74;1,05
91,59;1,92;-0,95;1,44;55,75;48,74;1,05
91,59;0,94;-1,65;0,31;55,75;48,74;1,05
91,61;0,94;-1,65;0,31;55,75;48,74;1,05
91,63;0,94;-1,65;0,31;55,75;48,74;1,05
91,65;0,94;-1,65;0,31;55,75;48,74;1,05
91,67;0,94;-1,65;0,31;55,75;48,74;1,05
91,67;1,05;0,04;-1,56;55,75;48,74;1,05
91,67;1,05;0,04;-1,56;55,75;48,74;1,05
91,68;1,05;0,04;-1,56;55,75;48,74;1,05
91,70;1,05;0,04;-1,56;55,75;48,74;1,05
91,72;1,05;0,04;-1,56;55,75;48,74;1,05
91,73;1,05;0,04;-1,56;55,75;48,74;1,05
91,73;-1,56;-0,43;-2,21;55,75;48,74;1,05
91,74;-1,56;-0,43;-2,21;55,75;48,74;1,05
91,76;-1,56;-0,43;-2,21;55,75;48,74;1,05
91,78;-1,56;-0,43;-2,21;55,75;48,74;1,05
91,80;-1,56;-0,43;-2,21;55,75;48,74;1,05
91,80;-1,56;-0,43;-2,21;55,75;48,74;1,05
91,80;-1,16;-0,86;-2,55;55,75;48,74;1,05
91,82;-1,16;-0,86;-2,55;55,75;48,74;1,05
91,84;-1,16;-0,86;-2,55;55,75;48,74;1,05
91,86;-1,16;-0,86;-2,55;55,75;48,74;1,05
91,86;-1,16;-0,86;-2,55;55,75;48,74;1,05
91,86;-1,24;-0,62;-3,13;55,75;48,74;1,05
91,88;-1,24;-0,62;-3,13;55,75;48,74;1,05
91,90;-1,24;-0,62;-3,13;55,75;48,74;1,05
91,92;-1,24;-0,62;-3,13;55,75;48,74;1,05
91,92;-1,24;-0,62;-3,13;55,75;48,74;1,05
91,92;-2,16;1,35;-0,02;55,75;48,74;1,05
91,94;-2,16;1,35;-0,02;55,75;48,74;1,05
91,96;-2,16;1,35;-0,02;55,75;48,74;1,05
91,98;-2,16;1,35;-0,02;55,75;48,74;0,87
92,00;-2,16;1,35;-0,02;55,75;48,74;0,87
92,00;0,14;2,39;6,54;55,75;48,74;0,87
92,00;0,14;2,39;6,54;55,75;48,74;0,87
92,02;0,14;2,39;6,54;55,75;48,74;0,87
92,04;0,14;2,39;6,54;55,75;48,74;0,87
92,06;0,14;2,39;6,54;55,75;48,74;0,87
92,06;-0,20;2,27;4,60;55,75;48,74;0,87
92,06;-0,20;2,27;4,60;55,75;48,74;0,87
92,08;-0,20;2,27;4,60;55,75;48,74;0,87
92,10;-0,20;2,27;4,60;55,75;48,74;0,87
92,12;-0,20;2,27;4,60;55,75;48,74;0,87
92,14;-0,20;2,27;4,60;55,75;48,74;0,87
92,14;-0,20;2,27;4,60;55,75;48,74;0,87
92,14;-1,57;-1,07;2,30;55,75;48,74;0,87
92,16;-1,57;-1,07;2,30;55,75;48,74;0,87
92,18;-1,57;-1,07;2,30;55,75;48,74;0,87
92,20;-1,57;-1,07;2,30;55,75;48,74;0,87
92,20;-1,57;-1,07;2,30;55,75;48,74;0,87
92,20;-0,17;-1,97;-0,40;55,75;48,74;0,87
92,22;-0,17;-1,97;-0,40;55,75;48,74;0,87
92,24;-0,17;-1,97;-0,40;55,75;48,74;0,87
92,25;-0,17;-1,97;-0,40;55,75;48,74;0,87
92,26;-0,57;-2,15;-2,75;55,75;48,74;0,87
92,26;-0,57;-2,15;-2,75;55,75;48,74;0,87
92,27;-0,57;-2,15;-2,75;55,75;48,74;0,87
92,29;-0,57;-2,15;-2,75;55,75;48,74;0,87
92,32;-0,57;-2,15;-2,75;55,75;48,74;0,87
92,33;-0,57;-2,15;-2,75;55,75;48,74;0,87
92,34;0,33;-1,11;-4,87;55,75;48,74;0,87
92,34;0,33;-1,11;-4,87;55,75;48,74;0,87
92,35;0,33;-1,11;-4,87;55,75;48,74;0,87
92,37;0,33;-1,11;-4,87;55,75;48,74;0,87
92,39;0,33;-1,11;-4,87;55,75;48,74;0,87
92,39;0,33;-1,11;-4,87;55,75;48,74;0,87
92,39;-0,12;-0,38;-1,83;55,75;48,74;0,87
92,41;-0,12;-0,38;-1,83;55,75;48,74;0,87
92,43;-0,12;-0,38;-1,83;55,75;48,74;0,87
92,45;-0,12;-0,38;-1,83;55,75;48,74;0,87
92,47;-0,12;-0,38;-1,83;55,75;48,74;0,87
92,47;0,97;0,75;0,93;55,75;48,74;0,87
92,47;0,97;0,75;0,93;55,75;48,74;0,87
92,49;0,97;0,75;0,93;55,75;48,74;0,87
92,51;0,97;0,75;0,93;55,75;48,74;0,87
92,53;0,97;0,75;0,93;55,75;48,74;0,87
92,53;2,13;1,39;1,35;55,75;48,74;0,87
92,53;2,13;1,39;1,35;55,75;48,74;0,87
92,55;2,13;1,39;1,35;55,75;48,74;0,87
92,57;2,13;1,39;1,35;55,75;48,74;0,87
92,59;2,13;1,39;1,35;55,75;48,74;0,87
92,59;1,21;1,43;2,77;55,75;48,74;0,87
92,59;1,21;1,43;2,77;55,75;48,74;0,87
92,61;1,21;1,43;2,77;55,75;48,74;0,87
92,63;1,21;1,43;2,77;55,75;48,74;0,87
92,65;1,21;1,43;2,77;55,75;48,74;0,87
92,67;1,21;1,43;2,77;55,75;48,74;0,87
92,67;1,60;-0,29;3,25;55,75;48,74;0,87
92,67;1,60;-0,29;3,25;55,75;48,74;0,87
92,69;1,60;-0,29;3,25;55,75;48,74;0,87
92,71;1,60;-0,29;3,25;55,75;48,74;0,87
92,73;1,60;-0,29;3,25;55,75;48,74;0,87
92,73;0,84;-3,05;0,78;55,75;48,74;0,87
92,73;0,84;-3,05;0,78;55,75;48,74;0,87
92,75;0,84;-3,05;0,78;55,75;48,74;0,87
92,77;0,84;-3,05;0,78;55,75;48,74;0,87
92,79;0,84;-3,05;0,78;55,75;48,74;0,87
92,79;0,84;-3,05;0,78;55,75;48,74;0,87
92,79;0,76;-2,36;-2,72;55,75;48,74;0,87
92,81;0,76;-2,36;-2,72;55,75;48,74;0,87
92,83;0,76;-2,36;-2,72;55,75;48,74;0,87
92,84;0,76;-2,36;-2,72;55,75;48,74;0,87
92,86;0,76;-2,36;-2,72;55,75;48,74;0,87
92,87;0,76;-2,36;-2,72;55,75;48,74;0,87
92,87;-0,60;-1,19;-3,20;55,75;48,74;0,87
92,88;-0,60;-1,19;-3,20;55,75;48,74;0,87
92,90;-0,60;-1,19;-3,20;55,75;48,74;0,87
92,92;-0,60;-1,19;-3,20;55,75;48,74;0,87
92,92;-0,54;-0,56;-3,21;55,75;48,74;0,87
92,93;-0,54;-0,56;-3,21;55,75;48,74;0,87
92,94;-0,54;-0,56;-3,21;55,75;48,74;0,87
92,96;-0,54;-0,56;-3,21;55,75;48,74;0,87
92,98;-0,54;-0,56;-3,21;55,75;48,74;0,87
93,00;-0,54;-0,56;-3,21;55,75;48,74;0,82
93,00;0,13;0,60;-1,34;55,75;48,74;0,82
93,00;0,13;0,60;-1,34;55,75;48,74;0,82
93,02;0,13;0,60;-1,34;55,75;48,74;0,82
93,04;0,13;0,60;-1,34;55,75;48,74;0,82
93,06;0,13;0,60;-1,34;55,75;48,74;0,82
93,06;0,13;0,60;-1,34;55,75;48,74;0,82
93,06;-1,17;2,33;1,50;55,75;48,74;0,82
93,08;-1,17;2,33;1,50;55,75;48,74;0,82
93,10;-1,17;2,33;1,50;55,75;48,74;0,82
93,12;-1,17;2,33;1,50;55,75;48,74;0,82
93,12;-1,82;2,43;3,05;55,75;48,74;0,82
93,12;-1,82;2,43;3,05;55,75;48,74;0,82
93,14;-1,82;2,43;3,05;55,75;48,74;0,82
93,16;-1,82;2,43;3,05;55,75;48,74;0,82
93,18;-1,82;2,43;3,05;55,75;48,74;0,82
93,20;-1,82;2,43;3,05;55,75;48,74;0,82
93,20;-1,65;1,43;3,96;55,75;48,74;0,82
93,20;-1,65;1,43;3,96;55,75;48,74;0,82
93,22;-1,65;1,43;3,96;55,75;48,74;0,82
93,24;-1,65;1,43;3,96;55,75;48,74;0,82
93,26;-1,65;1,43;3,96;55,75;48,74;0,82
93,26;-1,65;1,43;3,96;55,75;48,74;0,82
93,26;-1,36;-2,15;4,33;55,75;48,74;0,82
93,28;-1,36;-2,15;4,33;55,75;48,74;0,82
93,30;-1,36;-2,15;4,33;55,75;48,74;0,82
93,32;-1,36;-2,15;4,33;55,75;48,74;0,82
93,34;-1,36;-2,15;4,33;55,75;48,74;0,82
93,34;0,00;-1,52;-2,11;55,75;48,74;0,82
93,34;0,00;-1,52;-2,11;55,75;48,74;0,82
93,36;0,00;-1,52;-2,11;55,75;48,74;0,82
93,38;0,00;-1,52;-2,11;55,75;48,74;0,82
93,40;0,33;-1,00;-2,76;55,75;48,74;0,82
93,40;0,33;-1,00;-2,76;55,75;48,74;0,82
93,40;0,33;-1,00;-2,76;55,75;48,74;0,82
93,42;0,33;-1,00;-2,76;55,75;48,74;0,82
93,44;0,33;-1,00;-2,76;55,75;48,74;0,82
93,46;0,33;-1,00;-2,76;55,75;48,74;0,82
93,46;0,33;-1,00;-2,76;55,75;48,74;0,82
93,46;-0,14;-1,00;-3,46;55,75;48,74;0,82
93,47;-0,14;-1,00;-3,46;55,75;48,74;0,82
93,49;-0,14;-1,00;-3,46;55,75;48,74;0,82
93,51;-0,14;-1,00;-3,46;55,75;48,74;0,82
93,53;-0,14;-1,00;-3,46;55,75;48,74;0,82
93,53;-0,14;-1,00;-3,46;55,75;48,74;0,82
93,54;-0,22;-0,29;-2,99;55,75;48,74;0,82
93,55;-0,22;-0,29;-2,99;55,75;48,74;0,82
93,57;-0,22;-0,29;-2,99;55,75;48,74;0,82
93,59;-0,22;-0,29;-2,99;55,75;48,74;0,82
93,60;-0,11;0,69;-0,29;55,75;48,74;0,82
93,60;-0,11;0,69;-0,29;55,75;48,74;0,82
93,61;-0,11;0,69;-0,29;55,75;48,74;0,82
93,63;-0,11;0,69;-0,29;55,75;48,74;0,82
93,65;-0,11;0,69;-0,29;55,75;48,74;0,82
93,67;-0,11;0,69;-0,29;55,75;48,74;0,82
93,67;-0,21;0,80;1,59;55,75;48,74;0,82
93,67;-0,21;0,80;1,59;55,75;48,74;0,82
93,69;-0,21;0,80;1,59;55,75;48,74;0,82
93,71;-0,21;0,80;1,59;55,75;48,74;0,82
93,73;-0,21;0,80;1,59;55,75;48,74;0,82
93,73;0,14;1,45;2,69;55,75;48,74;0,82
93,73;0,14;1,45;2,69;55,75;48,74;0,82
93,75;0,14;1,45;2,69;55,75;48,74;0,82
93,77;0,14;1,45;2,69;55,75;48,74;0,82
93,79;1,73;0,29;4,75;55,75;48,74;0,82
93,79;1,73;0,29;4,75;55,75;48,74;0,82
93,79;1,73;0,29;4,75;55,75;48,74;0,82
93,81;1,73;0,29;4,75;55,75;48,74;0,82
93,83;1,73;0,29;4,75;55,75;48,74;0,82
93,85;1,73;0,29;4,75;55,75;48,74;0,82
93,87;1,73;0,29;4,75;55,75;48,74;0,82
93,87;1,20;-1,58;1,15;55,75;48,74;0,82
93,87;1,20;-1,58;1,15;55,75;48,74;0,82
93,89;1,20;-1,58;1,15;55,75;48,74;0,82
93,91;1,20;-1,58;1,15;55,75;48,74;0,82
93,93;1,20;-1,58;1,15;55,75;48,74;0,82
93,93;1,20;-1,58;1,15;55,75;48,74;0,82
93,93;1,81;-1,68;-2,96;55,75;48,74;0,82
93,95;1,81;-1,68;-2,96;55,75;48,74;0,82
93,97;1,81;-1,68;-2,96;55,75;48,74;0,82
93,99;1,81;-1,68;-2,96;55,75;48,74;0,82
93,99;-0,68;-1,25;-3,13;55,75;48,74;0,82
93,99;-0,68;-1,25;-3,13;55,75;48,74;0,82
94,01;-0,68;-1,25;-3,13;55,75;48,74;0,82
94,02;-0,68;-1,25;-3,13;55,75;48,74;0,82
94,04;-0,68;-1,25;-3,13;55,75;48,74;1,06
94,06;-0,68;-1,25;-3,13;55,75;48,74;1,06
94,06;-0,73;-0,74;-2,56;55,75;48,74;1,06
94,06;-0,73;-0,74;-2,56;55,75;48,74;1,06
94,08;-0,73;-0,74;-2,56;55,75;48,74;1,06
94,10;-0,73;-0,74;-2,56;55,75;48,74;1,06
94,12;-0,73;-0,74;-2,56;55,75;48,74;1,06
94,12;-0,99;-0,28;-0,62;55,75;48,74;1,06
94,13;-0,99;-0,28;-0,62;55,75;48,74;1,06
94,14;-0,99;-0,28;-0,62;55,75;48,74;1,06
94,16;-0,99;-0,28;-0,62;55,75;48,74;1,06
94,18;-0,99;-0,28;-0,62;55,75;48,74;1,06
94,20;-0,99;-0,28;-0,62;55,75;48,74;1,06
94,20;0,49;1,89;-1,20;55,75;48,74;1,06
94,20;0,49;1,89;-1,20;55,75;48,74;1,06
94,22;0,49;1,89;-1,20;55,75;48,74;1,06
94,24;0,49;1,89;-1,20;55,75;48,74;1,06
94,26;0,49;1,89;-1,20;55,75;48,74;1,06
94,26;-0,29;3,09;2,70;55,75;48,74;1,06
94,26;-0,29;3,09;2,70;55,75;48,74;1,06
94,28;-0,29;3,09;2,70;55,75;48,74;1,06
94,30;-0,29;3,09;2,70;55,75;48,74;1,06
94,32;-0,29;3,09;2,70;55,75;48,74;1,06
94,32;-1,03;1,92;4,64;55,75;48,74;1,06
94,32;-1,03;1,92;4,64;55,75;48,74;1,06
94,34;-1,03;1,92;4,64;55,75;48,74;1,06
94,36;-1,03;1,92;4,64;55,75;48,74;1,06
94,38;-1,03;1,92;4,64;55,75;48,74;1,06
94,40;-1,03;1,92;4,64;55,75;48,74;1,06
94,40;-1,03;1,92;4,64;55,75;48,74;1,06
94,40;-2,29;-0,66;1,69;55,75;48,74;1,06
94,42;-2,29;-0,66;1,69;55,75;48,74;1,06
94,44;-2,29;-0,66;1,69;55,75;48,74;1,06
94,46;-2,29;-0,66;1,69;55,75;48,74;1,06
94,46;-1,59;-1,46;0,18;55,75;48,74;1,06
94,46;-1,59;-1,46;0,18;55,75;48,74;1,06
94,48;-1,59;-1,46;0,18;55,75;48,74;1,06
94,50;-1,59;-1,46;0,18;55,75;48,74;1,06
94,52;-1,59;-1,46;0,18;55,75;48,74;1,06
94,54;-1,59;-1,46;0,18;55,75;48,74;1,06
94,54;-1,59;-1,46;0,18;55,75;48,74;1,06
94,54;0,44;-2,45;-0,09;55,75;48,74;1,06
94,56;0,44;-2,45;-0,09;55,75;48,74;1,06
94,58;0,44;-2,45;-0,09;55,75;48,74;1,06
94,60;0,44;-2,45;-0,09;55,75;48,74;1,06
94,60;-0,23;-2,05;-3,53;55,75;48,74;1,06
94,60;-0,23;-2,05;-3,53;55,75;48,74;1,06
94,61;-0,23;-2,05;-3,53;55,75;48,74;1,06
94,64;-0,23;-2,05;-3,53;55,75;48,74;1,06
94,65;-0,23;-2,05;-3,53;55,75;48,74;1,06
94,66;-0,23;-2,05;-3,53;55,75;48,74;1,06
94,66;0,14;-0,56;-4,37;55,75;48,74;1,06
94,67;0,14;-0,56;-4,37;55,75;48,74;1,06
94,69;0,14;-0,56;-4,37;55,75;48,74;1,06
94,71;0,14;-0,56;-4,37;55,75;48,74;1,06
94,73;0,14;-0,56;-4,37;55,75;48,74;1,06
94,73;0,35;0,75;-0,11;55,75;48,74;1,06
94,74;0,35;0,75;-0,11;55,75;48,74;1,06
94,75;0,35;0,75;-0,11;55,75;48,74;1,06
94,77;0,35;0,75;-0,11;55,75;48,74;1,06
94,79;0,35;0,75;-0,11;55,75;48,74;1,06
94,79;1,23;1,66;1,18;55,75;48,74;1,06
94,80;1,23;1,66;1,18;55,75;48,74;1,06
94,81;1,23;1,66;1,18;55,75;48,74;1,06
94,83;1,23;1,66;1,18;55,75;48,74;1,06
94,85;1,23;1,66;1,18;55,75;48,74;1,06
94,87;1,23;1,66;1,18;55,75;48,74;1,06
94,87;1,20;1,95;3,44;55,75;48,74;1,06
94,87;1,20;1,95;3,44;55,75;48,74;1,06
94,89;1,20;1,95;3,44;55,75;48,74;1,06
94,91;1,20;1,95;3,44;55,75;48,74;1,06
94,93;1,20;1,95;3,44;55,75;48,74;1,06
94,93;1,20;1,95;3,44;55,75;48,74;1,06
94,93;2,56;0,52;3,50;55,75;48,74;1,06
94,95;2,56;0,52;3,50;55,75;48,74;1,06
94,97;2,56;0,52;3,50;55,75;48,74;1,06
94,99;2,56;0,52;3,50;55,75;48,74;1,24
94,99;0,30;-2,38;2,01;55,75;48,74;1,24
94,99;0,30;-2,38;2,01;55,75;48,74;1,24
95,01;0,30;-2,38;2,01;55,75;48,74;1,24
95,03;0,30;-2,38;2,01;55,75;48,74;1,24
95,05;0,30;-2,38;2,01;55,75;48,74;1,24
95,07;0,30;-2,38;2,01;55,75;48,74;1,24
95,07;0,30;-2,38;2,01;55,75;48,74;1,24
95,07;0,85;-2,48;-1,10;55,75;48,74;1,24
95,09;0,85;-2,48;-1,10;55,75;48,74;1,24
95,11;0,85;-2,48;-1,10;55,75;48,74;1,24
95,13;0,85;-2,48;-1,10;55,75;48,74;1,24
95,13;-1,55;-1,72;-3,48;55,75;48,74;1,24
95,13;-1,55;-1,72;-3,48;55,75;48,74;1,24
95,15;-1,55;-1,72;-3,48;55,75;48,74;1,24
95,17;-1,55;-1,72;-3,48;55,75;48,74;1,24
95,19;-1,55;-1,72;-3,48;55,75;48,74;1,24
95,19;-1,55;-1,72;-3,48;55,75;48,74;1,24
95,19;-1,44;-0,58;-4,35;55,75;48,74;1,24
95,20;-1,44;-0,58;-4,35;55,75;48,74;1,24
95,22;-1,44;-0,58;-4,35;55,75;48,74;1,24
95,24;-1,44;-0,58;-4,35;55,75;48,74;1,24
95,26;-1,44;-0,58;-4,35;55,75;48,74;1,24
95,27;-1,44;-0,58;-4,35;55,75;48,74;1,24
95,27;-0,19;0,24;-2,57;55,75;48,74;1,24
95,28;-0,19;0,24;-2,57;55,75;48,74;1,24
95,30;-0,19;0,24;-2,57;55,75;48,74;1,24
95,32;-0,19;0,24;-2,57;55,75;48,74;1,24
95,33;-0,03;1,64;0,15;55,75;48,74;1,24
95,33;-0,03;1,64;0,15;55,75;48,74;1,24
95,34;-0,03;1,64;0,15;55,75;48,74;1,24
95,36;-0,03;1,64;0,15;55,75;48,74;1,24
95,38;-0,03;1,64;0,15;55,75;48,74;1,24
95,40;-0,03;1,64;0,15;55,75;48,74;1,24
95,40;-0,03;1,64;0,15;55,75;48,74;1,24
95,40;-0,22;2,70;3,05;55,75;48,74;1,24
95,42;-0,22;2,70;3,05;55,75;48,74;1,24
95,44;-0,22;2,70;3,05;55,75;48,74;1,24
95,46;-0,22;2,70;3,05;55,75;48,74;1,24
95,46;-1,73;2,19;4,43;55,75;48,74;1,24
95,46;-1,73;2,19;4,43;55,75;48,74;1,24
95,48;-1,73;2,19;4,43;55,75;48,74;1,24
95,50;-1,73;2,19;4,43;55,75;48,74;1,24
95,52;-1,73;2,19;4,43;55,75;48,74;1,24
95,52;-1,73;2,19;4,43;55,75;48,74;1,24
95,52;-1,78;-0,55;2,65;55,75;48,74;1,24
95,54;-1,78;-0,55;2,65;55,75;48,74;1,24
95,56;-1,78;-0,55;2,65;55,75;48,74;1,24
95,58;-1,78;-0,55;2,65;55,75;48,74;1,24
95,60;-1,78;-0,55;2,65;55,75;48,74;1,24
95,60;-1,04;-1,34;-0,24;55,75;48,74;1,24
95,60;-1,04;-1,34;-0,24;55,75;48,74;1,24
95,62;-1,04;-1,34;-0,24;55,75;48,74;1,24
95,64;-1,04;-1,34;-0,24;55,75;48,74;1,24
95,66;-1,04;-1,34;-0,24;55,75;48,74;1,24
95,66;0,04;-1,60;-0,90;55,75;48,74;1,24
95,66;0,04;-1,60;-0,90;55,75;48,74;1,24
95,68;0,04;-1,60;-0,90;55,75;48,74;1,24
95,70;0,04;-1,60;-0,90;55,75;48,74;1,24
95,72;0,04;-1,60;-0,90;55,75;48,74;1,24
95,74;0,04;-1,60;-0,90;55,75;48,74;1,24
95,74;-0,34;-1,29;-2,57;55,75;48,74;1,24
95,74;-0,34;-1,29;-2,57;55,75;48,74;1,24
95,76;-0,34;-1,29;-2,57;55,75;48,74;1,24
95,78;-0,34;-1,29;-2,57;55,75;48,74;1,24
95,80;-0,14;-0,68;-3,21;55,75;48,74;1,24
95,80;-0,14;-0,68;-3,21;55,75;48,74;1,24
95,80;-0,14;-0,68;-3,21;55,75;48,74;1,24
95,82;-0,14;-0,68;-3,21;55,75;48,74;1,24
95,83;-0,14;-0,68;-3,21;55,75;48,74;1,24
95,85;-0,14;-0,68;-3,21;55,75;48,74;1,24
95,86;-0,14;-0,68;-3,21;55,75;48,74;1,24
95,86;0,19;0,21;-1,13;55,75;48,74;1,24
95,88;0,19;0,21;-1,13;55,75;48,74;1,24
95,89;0,19;0,21;-1,13;55,75;48,74;1,24
95,91;0,19;0,21;-1,13;55,75;48,74;1,24
95,93;0,19;0,21;-1,13;55,75;48,74;1,24
95,93;0,19;0,21;-1,13;55,75;48,74;1,24
95,94;0,86;1,08;1,50;55,75;48,74;1,24
95,95;0,86;1,08;1,50;55,75;48,74;1,24
95,97;0,86;1,08;1,50;55,75;48,74;1,24
95,99;0,86;1,08;1,50;55,75;48,74;1,02
95,99;0,86;1,08;1,50;55,75;48,74;1,02
95,99;2,00;1,52;3,55;55,75;48,74;1,02
96,01;2,00;1,52;3,55;55,75;48,74;1,02
96,03;2,00;1,52;3,55;55,75;48,74;1,02
96,05;2,00;1,52;3,55;55,75;48,74;1,02
96,07;2,00;1,52;3,55;55,75;48,74;1,02
96,07;2,00;1,52;3,55;55,75;48,74;1,02
96,07;1,44;-0,47;3,21;55,75;48,74;1,02
96,09;1,44;-0,47;3,21;55,75;48,74;1,02
96,11;1,44;-0,47;3,21;55,75;48,74;1,02
96,13;1,44;-0,47;3,21;55,75;48,74;1,02
96,13;1,44;-0,47;3,21;55,75;48,74;1,02
96,13;0,75;-2,37;1,50;55,75;48,74;1,02
96,15;0,75;-2,37;1,50;55,75;48,74;1,02
96,17;0,75;-2,37;1,50;55,75;48,74;1,02
96,19;0,75;-2,37;1,50;55,75;48,74;1,02
96,19;0,75;-2,37;1,50;55,75;48,74;1,02
96,19;2,33;-1,34;-1,37;55,75;48,74;1,02
96,21;2,33;-1,34;-1,37;55,75;48,74;1,02
96,23;2,33;-1,34;-1,37;55,75;48,74;1,02
96,25;2,33;-1,34;-1,37;55,75;48,74;1,02
96,27;2,33;-1,34;-1,37;55,75;48,74;1,02
96,27;2,33;-1,34;-1,37;55,75;48,74;1,02
96,27;-1,02;-1,17;-4,00;55,75;48,74;1,02
96,29;-1,02;-1,17;-4,00;55,75;48,74;1,02
96,31;-1,02;-1,17;-4,00;55,75;48,74;1,02
96,33;-1,02;-1,17;-4,00;55,75;48,74;1,02
96,33;-1,02;-1,17;-4,00;55,75;48,74;1,02
96,33;-0,66;-0,82;-4,26;55,75;48,74;1,02
96,35;-0,66;-0,82;-4,26;55,75;48,74;1,02
96,37;-0,66;-0,82;-4,26;55,75;48,74;1,02
96,38;-0,66;-0,82;-4,26;55,75;48,74;1,02
96,40;-0,66;-0,82;-4,26;55,75;48,74;1,02
96,41;-0,58;0,04;-2,16;55,75;48,74;1,02
96,41;-0,58;0,04;-2,16;55,75;48,74;1,02
96,43;-0,58;0,04;-2,16;55,75;48,74;1,02
96,44;-0,58;0,04;-2,16;55,75;48,74;1,02
96,46;-0,58;0,04;-2,16;55,75;48,74;1,02
96,47;-0,63;1,77;1,37;55,75;48,74;1,02
96,47;-0,63;1,77;1,37;55,75;48,74;1,02
96,48;-0,63;1,77;1,37;55,75;48,74;1,02
96,50;-0,63;1,77;1,37;55,75;48,74;1,02
96,52;-0,63;1,77;1,37;55,75;48,74;1,02
96,52;-0,63;1,77;1,37;55,75;48,74;1,02
96,53;-0,59;2,56;4,60;55,75;48,74;1,02
96,54;-0,59;2,56;4,60;55,75;48,74;1,02
96,56;-0,59;2,56;4,60;55,75;48,74;1,02
96,58;-0,59;2,56;4,60;55,75;48,74;1,02
96,60;-0,59;2,56;4,60;55,75;48,74;1,02
96,60;-0,91;1,45;5,15;55,75;48,74;1,02
96,60;-0,91;1,45;5,15;55,75;48,74;1,02
96,62;-0,91;1,45;5,15;55,75;48,74;1,02
96,64;-0,91;1,45;5,15;55,75;48,74;1,02
96,66;-1,94;-0,40;0,93;55,75;48,74;1,02
96,66;-1,94;-0,40;0,93;55,75;48,74;1,02
96,66;-1,94;-0,40;0,93;55,75;48,74;1,02
96,68;-1,94;-0,40;0,93;55,75;48,74;1,02
96,70;-1,94;-0,40;0,93;55,75;48,74;1,02
96,72;-1,94;-0,40;0,93;55,75;48,74;1,02
96,72;0,05;-1,37;-0,76;55,75;48,74;1,02
96,72;0,05;-1,37;-0,76;55,75;48,74;1,02
96,74;0,05;-1,37;-0,76;55,75;48,74;1,02
96,76;0,05;-1,37;-0,76;55,75;48,74;1,02
96,78;0,05;-1,37;-0,76;55,75;48,74;1,02
96,80;0,05;-1,37;-0,76;55,75;48,74;1,02
96,80;0,02;-2,30;-2,83;55,75;48,74;1,02
96,80;0,02;-2,30;-2,83;55,75;48,74;1,02
96,82;0,02;-2,30;-2,83;55,75;48,74;1,02
96,84;0,02;-2,30;-2,83;55,75;48,74;1,02
96,86;0,02;-2,30;-2,83;55,75;48,74;1,02
96,86;0,02;-2,30;-2,83;55,75;48,74;1,02
96,86;-0,46;-1,52;-3,69;55,75;48,74;1,02
96,88;-0,46;-1,52;-3,69;55,75;48,74;1,02
96,90;-0,46;-1,52;-3,69;55,75;48,74;1,02
96,92;-0,46;-1,52;-3,69;55,75;48,74;1,02
96,94;-0,46;-1,52;-3,69;55,75;48,74;1,02
96,94;-0,08;-0,15;-2,16;55,75;48,74;1,02
96,94;-0,08;-0,15;-2,16;55,75;48,74;1,02
96,96;-0,08;-0,15;-2,16;55,75;48,74;1,02
96,97;-0,08;-0,15;-2,16;55,75;48,74;1,02
96,99;-0,08;-0,15;-2,16;55,75;48,74;0,55
97,00;-0,08;-0,15;-2,16;55,75;48,74;0,55
97,00;-0,27;1,01;0,22;55,75;48,74;0,55
97,01;-0,27;1,01;0,22;55,75;48,74;0,55
97,03;-0,27;1,01;0,22;55,75;48,74;0,55
97,05;-0,27;1,01;0,22;55,75;48,74;0,55
97,06;-0,27;1,01;0,22;55,75;48,74;0,55
97,06;0,17;1,78;2,02;55,75;48,74;0,55
97,07;0,17;1,78;2,02;55,75;48,74;0,55
97,09;0,17;1,78;2,02;55,75;48,74;0,55
97,11;0,17;1,78;2,02;55,75;48,74;0,55
97,13;0,17;1,78;2,02;55,75;48,74;0,55
97,13;0,17;1,78;2,02;55,75;48,74;0,55
97,14;0,91;2,00;3,32;55,75;48,74;0,55
97,15;0,91;2,00;3,32;55,75;48,74;0,55
97,17;0,91;2,00;3,32;55,75;48,74;0,55
97,19;0,91;2,00;3,32;55,75;48,74;0,55
97,19;1,29;-0,72;3,59;55,75;48,74;0,55
97,20;1,29;-0,72;3,59;55,75;48,74;0,55
97,21;1,29;-0,72;3,59;55,75;48,74;0,55
97,23;1,29;-0,72;3,59;55,75;48,74;0,55
97,25;1,29;-0,72;3,59;55,75;48,74;0,55
97,27;1,29;-0,72;3,59;55,75;48,74;0,55
97,27;1,29;-0,72;3,59;55,75;48,74;0,55
97,27;1,02;-1,74;-0,41;55,75;48,74;0,55
97,29;1,02;-1,74;-0,41;55,75;48,74;0,55
97,31;1,02;-1,74;-0,41;55,75;48,74;0,55
97,33;1,02;-1,74;-0,41;55,75;48,74;0,55
97,33;0,64;-1,81;-0,79;55,75;48,74;0,55
97,33;0,64;-1,81;-0,79;55,75;48,74;0,55
97,35;0,64;-1,81;-0,79;55,75;48,74;0,55
97,37;0,64;-1,81;-0,79;55,75;48,74;0,55
97,39;0,64;-1,81;-0,79;55,75;48,74;0,55
97,39;0,64;-1,81;-0,79;55,75;48,74;0,55
97,39;-0,53;-1,33;-3,76;55,75;48,74;0,55
97,41;-0,53;-1,33;-3,76;55,75;48,74;0,55
97,43;-0,53;-1,33;-3,76;55,75;48,74;0,55
97,45;-0,53;-1,33;-3,76;55,75;48,74;0,55
97,47;-0,53;-1,33;-3,76;55,75;48,74;0,55
97,47;-0,53;-1,33;-3,76;55,75;48,74;0,55
97,47;-0,11;-0,74;-4,28;55,75;48,74;0,55
97,49;-0,11;-0,74;-4,28;55,75;48,74;0,55
97,51;-0,11;-0,74;-4,28;55,75;48,74;0,55
97,53;-0,11;-0,74;-4,28;55,75;48,74;0,55
97,53;-0,42;0,41;-2,22;55,75;48,74;0,55
97,53;-0,42;0,41;-2,22;55,75;48,74;0,55
97,54;-0,42;0,41;-2,22;55,75;48,74;0,55
97,56;-0,42;0,41;-2,22;55,75;48,74;0,55
97,58;-0,42;0,41;-2,22;55,75;48,74;0,55
97,60;-0,42;0,41;-2,22;55,75;48,74;0,55
97,61;-0,42;0,41;-2,22;55,75;48,74;0,55
97,61;0,36;2,01;2,22;55,75;48,74;0,55
97,62;0,36;2,01;2,22;55,75;48,74;0,55
97,64;0,36;2,01;2,22;55,75;48,74;0,55
97,66;0,36;2,01;2,22;55,75;48,74;0,55
97,66;0,36;2,01;2,22;55,75;48,74;0,55
97,67;-0,14;1,91;3,74;55,75;48,74;0,55
97,68;-0,14;1,91;3,74;55,75;48,74;0,55
97,70;-0,14;1,91;3,74;55,75;48,74;0,55
97,72;-0,14;1,91;3,74;55,75;48,74;0,55
97,72;-1,16;0,63;4,04;55,75;48,74;0,55
97,73;-1,16;0,63;4,04;55,75;48,74;0,55
97,74;-1,16;0,63;4,04;55,75;48,74;0,55
97,76;-1,16;0,63;4,04;55,75;48,74;0,55
97,78;-1,16;0,63;4,04;55,75;48,74;0,55
97,80;-1,16;0,63;4,04;55,75;48,74;0,55
97,80;-1,49;-0,93;1,23;55,75;48,74;0,55
97,80;-1,49;-0,93;1,23;55,75;48,74;0,55
97,82;-1,49;-0,93;1,23;55,75;48,74;0,55
97,84;-1,49;-0,93;1,23;55,75;48,74;0,55
97,86;-1,49;-0,93;1,23;55,75;48,74;0,55
97,86;0,17;-0,71;-1,34;55,75;48,74;0,55
97,86;0,17;-0,71;-1,34;55,75;48,74;0,55
97,88;0,17;-0,71;-1,34;55,75;48,74;0,55
97,90;0,17;-0,71;-1,34;55,75;48,74;0,55
97,92;0,17;-0,71;-1,34;55,75;48,74;0,55
97,92;0,17;-0,71;-1,34;55,75;48,74;0,55
97,92;-0,09;-1,10;-1,85;55,75;48,74;0,55
97,94;-0,09;-1,10;-1,85;55,75;48,74;0,55
97,96;-0,09;-1,10;-1,85;55,75;48,74;0,55
97,98;-0,09;-1,10;-1,85;55,75;48,74;0,55
98,00;-0,45;-0,80;-3,36;55,75;48,74;0,82
98,00;-0,45;-0,80;-3,36;55,75;48,74;0,82
98,00;-0,45;-0,80;-3,36;55,75;48,74;0,82
98,02;-0,45;-0,80;-3,36;55,75;48,74;0,82
98,04;-0,45;-0,80;-3,36;55,75;48,74;0,82
98,06;-0,45;-0,80;-3,36;55,75;48,74;0,82
98,06;-0,35;-0,20;-2,82;55,75;48,74;0,82
98,06;-0,35;-0,20;-2,82;55,75;48,74;0,82
98,08;-0,35;-0,20;-2,82;55,75;48,74;0,82
98,10;-0,35;-0,20;-2,82;55,75;48,74;0,82
98,12;-0,35;-0,20;-2,82;55,75;48,74;0,82
98,14;-0,35;-0,20;-2,82;55,75;48,74;0,82
98,14;-0,35;-0,20;-2,82;55,75;48,74;0,82
98,14;-0,56;0,71;1,03;55,75;48,74;0,82
98,16;-0,56;0,71;1,03;55,75;48,74;0,82
98,17;-0,56;0,71;1,03;55,75;48,74;0,82
98,20;-0,56;0,71;1,03;55,75;48,74;0,82
98,20;-0,02;1,19;2,95;55,75;48,74;0,82
98,20;-0,02;1,19;2,95;55,75;48,74;0,82
98,21;-0,02;1,19;2,95;55,75;48,74;0,82
98,23;-0,02;1,19;2,95;55,75;48,74;0,82
98,25;-0,02;1,19;2,95;55,75;48,74;0,82
98,25;-0,02;1,19;2,95;55,75;48,74;0,82
98,26;0,54;1,66;3,38;55,75;48,74;0,82
98,27;0,54;1,66;3,38;55,75;48,74;0,82
98,29;0,54;1,66;3,38;55,75;48,74;0,82
98,31;0,54;1,66;3,38;55,75;48,74;0,82
98,33;1,47;-0,38;2,02;55,75;48,74;0,82
98,33;1,47;-0,38;2,02;55,75;48,74;0,82
98,33;1,47;-0,38;2,02;55,75;48,74;0,82
98,35;1,47;-0,38;2,02;55,75;48,74;0,82
98,37;1,47;-0,38;2,02;55,75;48,74;0,82
98,39;1,47;-0,38;2,02;55,75;48,74;0,82
98,39;1,47;-0,38;2,02;55,75;48,74;0,82
98,39;0,60;-1,37;-1,23;55,75;48,74;0,82
98,41;0,60;-1,37;-1,23;55,75;48,74;0,82
98,43;0,60;-1,37;-1,23;55,75;48,74;0,82
98,45;0,60;-1,37;-1,23;55,75;48,74;0,82
98,47;0,60;-1,37;-1,23;55,75;48,74;0,82
98,47;0,60;-1,37;-1,23;55,75;48,74;0,82
98,47;0,96;-1,27;-0,17;55,75;48,74;0,82
98,49;0,96;-1,27;-0,17;55,75;48,74;0,82
98,51;0,96;-1,27;-0,17;55,75;48,74;0,82
98,53;0,96;-1,27;-0,17;55,75;48,74;0,82
98,53;0,96;-1,27;-0,17;55,75;48,74;0,82
98,53;-0,88;-1,15;-2,83;55,75;48,74;0,82
98,55;-0,88;-1,15;-2,83;55,75;48,74;0,82
98,57;-0,88;-1,15;-2,83;55,75;48,74;0,82
98,59;-0,88;-1,15;-2,83;55,75;48,74;0,82
98,59;-0,88;-1,15;-2,83;55,75;48,74;0,82
98,59;0,48;-0,65;-4,64;55,75;48,74;0,82
98,61;0,48;-0,65;-4,64;55,75;48,74;0,82
98,63;0,48;-0,65;-4,64;55,75;48,74;0,82
98,65;0,48;-0,65;-4,64;55,75;48,74;0,82
98,67;0,48;-0,65;-4,64;55,75;48,74;0,82
98,67;-1,07;0,44;-2,03;55,75;48,74;0,82
98,67;-1,07;0,44;-2,03;55,75;48,74;0,82
98,69;-1,07;0,44;-2,03;55,75;48,74;0,82
98,71;-1,07;0,44;-2,03;55,75;48,74;0,82
98,73;-1,07;0,44;-2,03;55,75;48,74;0,82
98,73;-0,31;1,36;0,39;55,75;48,74;0,82
98,73;-0,31;1,36;0,39;55,75;48,74;0,82
98,74;-0,31;1,36;0,39;55,75;48,74;0,82
98,76;-0,31;1,36;0,39;55,75;48,74;0,82
98,78;-0,31;1,36;0,39;55,75;48,74;0,82
98,80;-0,08;2,00;2,29;55,75;48,74;0,82
98,81;-0,08;2,00;2,29;55,75;48,74;0,82
98,81;-0,08;2,00;2,29;55,75;48,74;0,82
98,82;-0,08;2,00;2,29;55,75;48,74;0,82
98,84;-0,08;2,00;2,29;55,75;48,74;0,82
98,86;-0,08;2,00;2,29;55,75;48,74;0,82
98,86;-0,49;2,42;5,89;55,75;48,74;0,82
98,87;-0,49;2,42;5,89;55,75;48,74;0,82
98,88;-0,49;2,42;5,89;55,75;48,74;0,82
98,90;-0,49;2,42;5,89;55,75;48,74;0,82
98,92;-0,49;2,42;5,89;55,75;48,74;0,82
98,92;-0,49;2,42;5,89;55,75;48,74;0,82
98,92;0,01;-0,56;3,41;55,75;48,74;0,82
98,94;0,01;-0,56;3,41;55,75;48,74;0,82
98,96;0,01;-0,56;3,41;55,75;48,74;0,82
98,98;0,01;-0,56;3,41;55,75;48,74;1,13
99,00;0,01;-0,56;3,41;55,75;48,74;1,13
99,00;-1,26;-2,67;0,66;55,75;48,74;1,13
99,00;-1,26;-2,67;0,66;55,75;48,74;1,13
99,02;-1,26;-2,67;0,66;55,75;48,74;1,13
99,04;-1,26;-2,67;0,66;55,75;48,74;1,13
99,06;-1,26;-2,67;0,66;55,75;48,74;1,13
99,06;0,36;-1,59;-2,04;55,75;48,74;1,13
99,06;0,36;-1,59;-2,04;55,75;48,74;1,13
99,08;0,36;-1,59;-2,04;55,75;48,74;1,13
99,10;0,36;-1,59;-2,04;55,75;48,74;1,13
99,12;0,42;-0,31;-4,78;55,75;48,74;1,13
99,12;0,42;-0,31;-4,78;55,75;48,74;1,13
99,12;0,42;-0,31;-4,78;55,75;48,74;1,13
99,14;0,42;-0,31;-4,78;55,75;48,74;1,13
99,16;0,42;-0,31;-4,78;55,75;48,74;1,13
99,18;0,42;-0,31;-4,78;55,75;48,74;1,13
99,20;0,42;-0,31;-4,78;55,75;48,74;1,13
99,20;-0,72;-0,18;-3,14;55,75;48,74;1,13
99,20;-0,72;-0,18;-3,14;55,75;48,74;1,13
99,22;-0,72;-0,18;-3,14;55,75;48,74;1,13
99,24;-0,72;-0,18;-3,14;55,75;48,74;1,13
99,26;-0,72;-0,18;-3,14;55,75;48,74;1,13
99,26;-0,72;-0,18;-3,14;55,75;48,74;1,13
99,26;-0,43;0,42;-1,06;55,75;48,74;1,13
99,28;-0,43;0,42;-1,06;55,75;48,74;1,13
99,30;-0,43;0,42;-1,06;55,75;48,74;1,13
99,32;-0,43;0,42;-1,06;55,75;48,74;1,13
99,34;0,66;0,96;1,71;55,75;48,74;1,13
99,34;0,66;0,96;1,71;55,75;48,74;1,13
99,34;0,66;0,96;1,71;55,75;48,74;1,13
99,35;0,66;0,96;1,71;55,75;48,74;1,13
99,37;0,66;0,96;1,71;55,75;48,74;1,13
99,39;0,66;0,96;1,71;55,75;48,74;1,13
99,40;1,07;1,01;2,82;55,75;48,74;1,13
99,40;1,07;1,01;2,82;55,75;48,74;1,13
99,41;1,07;1,01;2,82;55,75;48,74;1,13
99,43;1,07;1,01;2,82;55,75;48,74;1,13
99,45;1,07;1,01;2,82;55,75;48,74;1,13
99,45;1,07;1,01;2,82;55,75;48,74;1,13
99,46;2,07;0,39;4,04;55,75;48,74;1,13
99,47;2,07;0,39;4,04;55,75;48,74;1,13
99,49;2,07;0,39;4,04;55,75;48,74;1,13
99,51;2,07;0,39;4,04;55,75;48,74;1,13
99,53;2,07;0,39;4,04;55,75;48,74;1,13
99,53;2,07;0,39;4,04;55,75;48,74;1,13
99,53;1,07;-2,14;2,46;55,75;48,74;1,13
99,55;1,07;-2,14;2,46;55,75;48,74;1,13
99,57;1,07;-2,14;2,46;55,75;48,74;1,13
99,59;1,07;-2,14;2,46;55,75;48,74;1,13
99,59;2,30;-1,98;-0,87;55,75;48,74;1,13
99,59;2,30;-1,98;-0,87;55,75;48,74;1,13
99,61;2,30;-1,98;-0,87;55,75;48,74;1,13
99,63;2,30;-1,98;-0,87;55,75;48,74;1,13
99,65;2,30;-1,98;-0,87;55,75;48,74;1,13
99,67;2,30;-1,98;-0,87;55,75;48,74;1,13
99,67;2,30;-1,98;-0,87;55,75;48,74;1,13
99,67;-0,13;-1,44;-3,83;55,75;48,74;1,13
99,69;-0,13;-1,44;-3,83;55,75;48,74;1,13
99,71;-0,13;-1,44;-3,83;55,75;48,74;1,13
99,73;-0,13;-1,44;-3,83;55,75;48,74;1,13
99,73;-1,60;-1,00;-4,77;55,75;48,74;1,13
99,73;-1,60;-1,00;-4,77;55,75;48,74;1,13
99,75;-1,60;-1,00;-4,77;55,75;48,74;1,13
99,77;-1,60;-1,00;-4,77;55,75;48,74;1,13
99,79;-1,60;-1,00;-4,77;55,75;48,74;1,13
99,79;-1,05;0,00;-2,90;55,75;48,74;1,13
99,79;-1,05;0,00;-2,90;55,75;48,74;1,13
99,81;-1,05;0,00;-2,90;55,75;48,74;1,13
99,83;-1,05;0,00;-2,90;55,75;48,74;1,13
99,85;-1,05;0,00;-2,90;55,75;48,74;1,13
99,87;-1,05;0,00;-2,90;55,75;48,74;1,13
99,87;-1,05;0,00;-2,90;55,75;48,74;1,13
99,87;-0,81;1,68;0,00;55,75;48,74;1,13
99,89;-0,81;1,68;0,00;55,75;48,74;1,13
99,91;-0,81;1,68;0,00;55,75;48,74;1,13
99,92;-0,81;1,68;0,00;55,75;48,74;1,13
99,93;-0,81;1,68;0,00;55,75;48,74;1,13
99,93;-1,20;2,12;2,57;55,75;48,74;1,13
99,95;-1,20;2,12;2,57;55,75;48,74;1,13
99,96;-1,20;2,12;2,57;55,75;48,74;1,13
99,98;-1,20;2,12;2,57;55,75;48,74;1,06
100,00;-1,20;2,12;2,57;55,75;48,74;1,06
100,00;-1,20;2,12;2,57;55,75;48,74;1,06
100,00;-2,06;1,35;6,03;55,75;48,74;1,06
100,02;-2,06;1,35;6,03;55,75;48,74;1,06
100,04;-2,06;1,35;6,03;55,75;48,74;1,06
100,06;0,03;-0,06;3,05;55,75;48,74;1,06
100,06;0,03;-0,06;3,05;55,75;48,74;1,06
100,07;0,03;-0,06;3,05;55,75;48,74;1,06
100,08;0,03;-0,06;3,05;55,75;48,74;1,06
100,10;0,03;-0,06;3,05;55,75;48,74;1,06
100,12;0,03;-0,06;3,05;55,75;48,74;1,06
100,12;-0,70;-1,65;0,48;55,75;48,74;1,06
100,12;-0,70;-1,65;0,48;55,75;48,74;1,06
100,14;-0,70;-1,65;0,48;55,75;48,74;1,06
100,16;-0,70;-1,65;0,48;55,75;48,74;1,06
100,18;-0,70;-1,65;0,48;55,75;48,74;1,06
100,20;0,69;-1,72;-1,98;55,75;48,74;1,06
100,20;0,69;-1,72;-1,98;55,75;48,74;1,06
100,20;0,69;-1,72;-1,98;55,75;48,74;1,06
100,22;0,69;-1,72;-1,98;55,75;48,74;1,06
100,24;0,69;-1,72;-1,98;55,75;48,74;1,06
100,26;0,69;-1,72;-1,98;55,75;48,74;1,06
100,26;0,69;-1,72;-1,98;55,75;48,74;1,06
100,26;0,33;-0,80;-5,11;55,75;48,74;1,06
100,28;0,33;-0,80;-5,11;55,75;48,74;1,06
100,30;0,33;-0,80;-5,11;55,75;48,74;1,06
100,32;0,33;-0,80;-5,11;55,75;48,74;1,06
100,34;0,33;-0,80;-5,11;55,75;48,74;1,06
100,34;0,33;-0,80;-5,11;55,75;48,74;1,06
100,34;-0,92;-0,34;-2,68;55,75;48,74;1,06
100,36;-0,92;-0,34;-2,68;55,75;48,74;1,06
100,38;-0,92;-0,34;-2,68;55,75;48,74;1,06
100,40;-0,60;0,81;-1,30;55,75;48,74;1,06
100,40;-0,60;0,81;-1,30;55,75;48,74;1,06
100,40;-0,60;0,81;-1,30;55,75;48,74;1,06
100,42;-0,60;0,81;-1,30;55,75;48,74;1,06
100,44;-0,60;0,81;-1,30;55,75;48,74;1,06
100,46;-0,60;0,81;-1,30;55,75;48,74;1,06
100,46;-0,60;0,81;-1,30;55,75;48,74;1,06
100,46;-0,48;1,32;2,00;55,75;48,74;1,06
100,48;-0,48;1,32;2,00;55,75;48,74;1,06
100,50;-0,48;1,32;2,00;55,75;48,74;1,06
100,52;-0,48;1,32;2,00;55,75;48,74;1,06
100,53;-0,48;1,32;2,00;55,75;48,74;1,06
100,54;-0,34;1,84;3,77;55,75;48,74;1,06
100,54;-0,34;1,84;3,77;55,75;48,74;1,06
100,55;-0,34;1,84;3,77;55,75;48,74;1,06
100,57;-0,34;1,84;3,77;55,75;48,74;1,06
100,59;-0,34;1,84;3,77;55,75;48,74;1,06
100,59;-0,34;1,84;3,77;55,75;48,74;1,06
100,59;1,90;0,90;3,14;55,75;48,74;1,06
100,61;1,90;0,90;3,14;55,75;48,74;1,06
100,63;1,90;0,90;3,14;55,75;48,74;1,06
100,65;1,90;0,90;3,14;55,75;48,74;1,06
100,66;1,90;0,90;3,14;55,75;48,74;1,06
100,66;0,09;-2,28;2,58;55,75;48,74;1,06
100,67;0,09;-2,28;2,58;55,75;48,74;1,06
100,69;0,09;-2,28;2,58;55,75;48,74;1,06
100,71;0,09;-2,28;2,58;55,75;48,74;1,06
100,73;0,09;-2,28;2,58;55,75;48,74;1,06
100,73;2,15;-1,67;-0,76;55,75;48,74;1,06
100,73;2,15;-1,67;-0,76;55,75;48,74;1,06
100,75;2,15;-1,67;-0,76;55,75;48,74;1,06
100,77;2,15;-1,67;-0,76;55,75;48,74;1,06
100,79;2,15;-1,67;-0,76;55,75;48,74;1,06
100,79;0,51;-0,83;-3,44;55,75;48,74;1,06
100,79;0,51;-0,83;-3,44;55,75;48,74;1,06
100,81;0,51;-0,83;-3,44;55,75;48,74;1,06
100,83;0,51;-0,83;-3,44;55,75;48,74;1,06
100,85;0,51;-0,83;-3,44;55,75;48,74;1,06
100,87;0,51;-0,83;-3,44;55,75;48,74;1,06
100,87;0,51;-0,83;-3,44;55,75;48,74;1,06
100,87;-0,94;-0,89;-4,01;55,75;48,74;1,06
100,89;-0,94;-0,89;-4,01;55,75;48,74;1,06
100,91;-0,94;-0,89;-4,01;55,75;48,74;1,06
100,93;-0,94;-0,89;-4,01;55,75;48,74;1,06
100,93;-0,94;-0,89;-4,01;55,75;48,74;1,06
100,93;-0,45;-0,63;-2,87;55,75;48,74;1,06
100,95;-0,45;-0,63;-2,87;55,75;48,74;1,06
100,97;-0,45;-0,63;-2,87;55,75;48,74;1,06
100,99;-0,45;-0,63;-2,87;55,75;48,74;1,20
100,99;-0,59;0,86;-0,44;55,75;48,74;1,20
100,99;-0,59;0,86;-0,44;55,75;48,74;1,20
101,01;-0,59;0,86;-0,44;55,75;48,74;1,20
101,03;-0,59;0,86;-0,44;55,75;48,74;1,20
101,05;-0,59;0,86;-0,44;55,75;48,74;1,20
101,07;-0,59;0,86;-0,44;55,75;48,74;1,20
101,07;-0,59;0,86;-0,44;55,75;48,74;1,20
101,07;-0,21;2,40;2,19;55,75;48,74;1,20
101,09;-0,21;2,40;2,19;55,75;48,74;1,20
101,10;-0,21;2,40;2,19;55,75;48,74;1,20
101,13;-0,21;2,40;2,19;55,75;48,74;1,20
101,13;-0,69;1,98;4,81;55,75;48,74;1,20
101,13;-0,69;1,98;4,81;55,75;48,74;1,20
101,14;-0,69;1,98;4,81;55,75;48,74;1,20
101,16;-0,69;1,98;4,81;55,75;48,74;1,20
101,18;-0,69;1,98;4,81;55,75;48,74;1,20
101,20;-0,69;1,98;4,81;55,75;48,74;1,20
101,20;-2,36;-0,56;4,35;55,75;48,74;1,20
101,21;-2,36;-0,56;4,35;55,75;48,74;1,20
101,22;-2,36;-0,56;4,35;55,75;48,74;1,20
101,24;-2,36;-0,56;4,35;55,75;48,74;1,20
101,26;-2,36;-0,56;4,35;55,75;48,74;1,20
101,26;-0,96;-1,70;0,36;55,75;48,74;1,20
101,26;-0,96;-1,70;0,36;55,75;48,74;1,20
101,28;-0,96;-1,70;0,36;55,75;48,74;1,20
101,30;-0,96;-1,70;0,36;55,75;48,74;1,20
101,32;-0,96;-1,70;0,36;55,75;48,74;1,20
101,32;-0,96;-1,70;0,36;55,75;48,74;1,20
101,32;0,15;-2,07;-1,72;55,75;48,74;1,20
101,34;0,15;-2,07;-1,72;55,75;48,74;1,20
101,36;0,15;-2,07;-1,72;55,75;48,74;1,20
101,38;0,15;-2,07;-1,72;55,75;48,74;1,20
101,40;0,15;-2,07;-1,72;55,75;48,74;1,20
101,40;0,15;-2,07;-1,72;55,75;48,74;1,20
101,41;0,65;-1,95;-2,87;55,75;48,74;1,20
101,43;0,65;-1,95;-2,87;55,75;48,74;1,20
101,44;0,65;-1,95;-2,87;55,75;48,74;1,20
101,46;0,65;-1,95;-2,87;55,75;48,74;1,20
101,46;0,65;-1,95;-2,87;55,75;48,74;1,20
101,46;1,03;-0,99;-3,22;55,75;48,74;1,20
101,48;1,03;-0,99;-3,22;55,75;48,74;1,20
101,50;1,03;-0,99;-3,22;55,75;48,74;1,20
101,52;1,03;-0,99;-3,22;55,75;48,74;1,20
101,54;1,03;-0,99;-3,22;55,75;48,74;1,20
101,54;1,30;-0,31;-1,20;55,75;48,74;1,20
101,54;1,30;-0,31;-1,20;55,75;48,74;1,20
101,56;1,30;-0,31;-1,20;55,75;48,74;1,20
101,58;1,30;-0,31;-1,20;55,75;48,74;1,20
101,60;1,30;-0,31;-1,20;55,75;48,74;1,20
101,60;1,04;0,44;1,00;55,75;48,74;1,20
101,60;1,04;0,44;1,00;55,75;48,74;1,20
101,62;1,04;0,44;1,00;55,75;48,74;1,20
101,64;1,04;0,44;1,00;55,75;48,74;1,20
101,66;1,04;0,44;1,00;55,75;48,74;1,20
101,66;1,68;1,26;2,72;55,75;48,74;1,20
101,66;1,68;1,26;2,72;55,75;48,74;1,20
101,68;1,68;1,26;2,72;55,75;48,74;1,20
101,69;1,68;1,26;2,72;55,75;48,74;1,20
101,71;1,68;1,26;2,72;55,75;48,74;1,20
101,73;1,68;1,26;2,72;55,75;48,74;1,20
101,74;1,85;0,81;2,68;55,75;48,74;1,20
101,74;1,85;0,81;2,68;55,75;48,74;1,20
101,75;1,85;0,81;2,68;55,75;48,74;1,20
101,77;1,85;0,81;2,68;55,75;48,74;1,20
101,79;1,85;0,81;2,68;55,75;48,74;1,20
101,79;0,26;-0,96;2,15;55,75;48,74;1,20
101,80;0,26;-0,96;2,15;55,75;48,74;1,20
101,81;0,26;-0,96;2,15;55,75;48,74;1,20
101,83;0,26;-0,96;2,15;55,75;48,74;1,20
101,85;0,26;-0,96;2,15;55,75;48,74;1,20
101,85;0,81;-1,45;-0,53;55,75;48,74;1,20
101,86;0,81;-1,45;-0,53;55,75;48,74;1,20
101,87;0,81;-1,45;-0,53;55,75;48,74;1,20
101,89;0,81;-1,45;-0,53;55,75;48,74;1,20
101,91;0,81;-1,45;-0,53;55,75;48,74;1,20
101,93;0,81;-1,45;-0,53;55,75;48,74;1,20
101,93;0,81;-1,45;-0,53;55,75;48,74;1,20
101,93;-0,46;-1,07;-3,00;55,75;48,74;1,20
101,95;-0,46;-1,07;-3,00;55,75;48,74;1,20
101,97;-0,46;-1,07;-3,00;55,75;48,74;1,20
101,99;-0,46;-1,07;-3,00;55,75;48,74;1,36
101,99;-0,46;-1,07;-3,00;55,75;48,74;1,36
101,99;-1,52;-0,76;-4,36;55,75;48,74;1,36
102,01;-1,52;-0,76;-4,36;55,75;48,74;1,36
102,03;-1,52;-0,76;-4,36;55,75;48,74;1,36
102,05;-1,52;-0,76;-4,36;55,75;48,74;1,36
102,07;-1,52;-0,76;-4,36;55,75;48,74;1,36
102,07;-1,21;-0,23;-2,69;55,75;48,74;1,36
102,07;-1,21;-0,23;-2,69;55,75;48,74;1,36
102,09;-1,21;-0,23;-2,69;55,75;48,74;1,36
102,11;-1,21;-0,23;-2,69;55,75;48,74;1,36
102,13;-1,21;-0,23;-2,69;55,75;48,74;1,36
102,13;-1,21;-0,23;-2,69;55,75;48,74;1,36
102,13;-0,95;1,35;0,21;55,75;48,74;1,36
102,15;-0,95;1,35;0,21;55,75;48,74;1,36
102,17;-0,95;1,35;0,21;55,75;48,74;1,36
102,19;-0,95;1,35;0,21;55,75;48,74;1,36
102,19;-0,95;1,35;0,21;55,75;48,74;1,36
102,19;-0,66;2,87;2,76;55,75;48,74;1,36
102,21;-0,66;2,87;2,76;55,75;48,74;1,36
102,23;-0,66;2,87;2,76;55,75;48,74;1,36
102,25;-0,66;2,87;2,76;55,75;48,74;1,36
102,26;-0,66;2,87;2,76;55,75;48,74;1,36
102,27;-0,66;2,87;2,76;55,75;48,74;1,36
102,27;-1,05;2,32;4,86;55,75;48,74;1,36
102,29;-1,05;2,32;4,86;55,75;48,74;1,36
102,30;-1,05;2,32;4,86;55,75;48,74;1,36
102,32;-1,05;2,32;4,86;55,75;48,74;1,36
102,32;-2,25;-0,90;4,46;55,75;48,74;1,36
102,33;-2,25;-0,90;4,46;55,75;48,74;1,36
102,34;-2,25;-0,90;4,46;55,75;48,74;1,36
102,36;-2,25;-0,90;4,46;55,75;48,74;1,36
102,38;-2,25;-0,90;4,46;55,75;48,74;1,36
102,40;-2,25;-0,90;4,46;55,75;48,74;1,36
102,40;-0,25;-1,96;-0,31;55,75;48,74;1,36
102,41;-0,25;-1,96;-0,31;55,75;48,74;1,36
102,42;-0,25;-1,96;-0,31;55,75;48,74;1,36
102,44;-0,25;-1,96;-0,31;55,75;48,74;1,36
102,46;-0,25;-1,96;-0,31;55,75;48,74;1,36
102,46;0,64;-1,73;-1,22;55,75;48,74;1,36
102,46;0,64;-1,73;-1,22;55,75;48,74;1,36
102,48;0,64;-1,73;-1,22;55,75;48,74;1,36
102,50;0,64;-1,73;-1,22;55,75;48,74;1,36
102,52;0,64;-1,73;-1,22;55,75;48,74;1,36
102,52;0,64;-1,73;-1,22;55,75;48,74;1,36
102,53;0,24;-1,14;-3,43;55,75;48,74;1,36
102,54;0,24;-1,14;-3,43;55,75;48,74;1,36
102,56;0,24;-1,14;-3,43;55,75;48,74;1,36
102,58;0,24;-1,14;-3,43;55,75;48,74;1,36
102,60;0,65;-0,21;-4,62;55,75;48,74;1,36
102,60;0,65;-0,21;-4,62;55,75;48,74;1,36
102,60;0,65;-0,21;-4,62;55,75;48,74;1,36
102,62;0,65;-0,21;-4,62;55,75;48,74;1,36
102,64;0,65;-0,21;-4,62;55,75;48,74;1,36
102,66;0,65;-0,21;-4,62;55,75;48,74;1,36
102,66;-1,18;0,34;-2,04;55,75;48,74;1,36
102,66;-1,18;0,34;-2,04;55,75;48,74;1,36
102,68;-1,18;0,34;-2,04;55,75;48,74;1,36
102,70;-1,18;0,34;-2,04;55,75;48,74;1,36
102,72;-1,18;0,34;-2,04;55,75;48,74;1,36
102,74;-1,18;0,34;-2,04;55,75;48,74;1,36
102,74;-1,18;0,34;-2,04;55,75;48,74;1,36
102,74;0,95;1,20;2,51;55,75;48,74;1,36
102,76;0,95;1,20;2,51;55,75;48,74;1,36
102,78;0,95;1,20;2,51;55,75;48,74;1,36
102,80;0,95;1,20;2,51;55,75;48,74;1,36
102,80;1,67;0,90;3,14;55,75;48,74;1,36
102,80;1,67;0,90;3,14;55,75;48,74;1,36
102,82;1,67;0,90;3,14;55,75;48,74;1,36
102,84;1,67;0,90;3,14;55,75;48,74;1,36
102,85;1,67;0,90;3,14;55,75;48,74;1,36
102,86;1,67;0,90;3,14;55,75;48,74;1,36
102,86;1,73;-0,20;3,42;55,75;48,74;1,36
102,87;1,73;-0,20;3,42;55,75;48,74;1,36
102,89;1,73;-0,20;3,42;55,75;48,74;1,36
102,91;1,73;-0,20;3,42;55,75;48,74;1,36
102,93;1,73;-0,20;3,42;55,75;48,74;1,36
102,94;1,41;-2,68;2,04;55,75;48,74;1,36
102,94;1,41;-2,68;2,04;55,75;48,74;1,36
102,96;1,41;-2,68;2,04;55,75;48,74;1,36
102,97;1,41;-2,68;2,04;55,75;48,74;0,41
102,99;1,41;-2,68;2,04;55,75;48,74;0,41
102,99;2,58;-2,32;-2,39;55,75;48,74;0,41
102,99;2,58;-2,32;-2,39;55,75;48,74;0,41
103,01;2,58;-2,32;-2,39;55,75;48,74;0,41
103,03;2,58;-2,32;-2,39;55,75;48,74;0,41
103,05;2,58;-2,32;-2,39;55,75;48,74;0,41
103,05;2,58;-2,32;-2,39;55,75;48,74;0,41
103,05;-0,53;-0,98;-2,81;55,75;48,74;0,41
103,07;-0,53;-0,98;-2,81;55,75;48,74;0,41
103,09;-0,53;-0,98;-2,81;55,75;48,74;0,41
103,11;-0,53;-0,98;-2,81;55,75;48,74;0,41
103,13;-0,53;-0,98;-2,81;55,75;48,74;0,41
103,13;-0,71;-0,31;-3,46;55,75;48,74;0,41
103,13;-0,71;-0,31;-3,46;55,75;48,74;0,41
103,15;-0,71;-0,31;-3,46;55,75;48,74;0,41
103,17;-0,71;-0,31;-3,46;55,75;48,74;0,41
103,19;-0,71;-0,31;-3,46;55,75;48,74;0,41
103,19;-1,29;0,32;-2,36;55,75;48,74;0,41
103,19;-1,29;0,32;-2,36;55,75;48,74;0,41
103,21;-1,29;0,32;-2,36;55,75;48,74;0,41
103,23;-1,29;0,32;-2,36;55,75;48,74;0,41
103,25;-1,29;0,32;-2,36;55,75;48,74;0,41
103,27;-1,29;0,32;-2,36;55,75;48,74;0,41
103,27;-1,29;0,32;-2,36;55,75;48,74;0,41
103,27;-0,65;1,32;0,89;55,75;48,74;0,41
103,29;-0,65;1,32;0,89;55,75;48,74;0,41
103,31;-0,65;1,32;0,89;55,75;48,74;0,41
103,33;-0,65;1,32;0,89;55,75;48,74;0,41
103,33;-1,10;2,26;2,83;55,75;48,74;0,41
103,33;-1,10;2,26;2,83;55,75;48,74;0,41
103,35;-1,10;2,26;2,83;55,75;48,74;0,41
103,37;-1,10;2,26;2,83;55,75;48,74;0,41
103,39;-1,10;2,26;2,83;55,75;48,74;0,41
103,39;-1,10;2,26;2,83;55,75;48,74;0,41
103,39;-1,06;1,76;3,91;55,75;48,74;0,41
103,41;-1,06;1,76;3,91;55,75;48,74;0,41
103,43;-1,06;1,76;3,91;55,75;48,74;0,41
103,45;-1,06;1,76;3,91;55,75;48,74;0,41
103,47;-1,06;1,76;3,91;55,75;48,74;0,41
103,47;-0,41;0,49;2,03;55,75;48,74;0,41
103,47;-0,41;0,49;2,03;55,75;48,74;0,41
103,48;-0,41;0,49;2,03;55,75;48,74;0,41
103,50;-0,41;0,49;2,03;55,75;48,74;0,41
103,52;-0,41;0,49;2,03;55,75;48,74;0,41
103,53;-0,41;0,49;2,03;55,75;48,74;0,41
103,53;-1,37;-1,28;-0,06;55,75;48,74;0,41
103,54;-1,37;-1,28;-0,06;55,75;48,74;0,41
103,56;-1,37;-1,28;-0,06;55,75;48,74;0,41
103,58;-1,37;-1,28;-0,06;55,75;48,74;0,41
103,60;-1,37;-1,28;-0,06;55,75;48,74;0,41
103,60;0,21;-2,00;-1,40;55,75;48,74;0,41
103,61;0,21;-2,00;-1,40;55,75;48,74;0,41
103,62;0,21;-2,00;-1,40;55,75;48,74;0,41
103,64;0,21;-2,00;-1,40;55,75;48,74;0,41
103,66;0,21;-2,00;-1,40;55,75;48,74;0,41
103,67;-0,05;-1,67;-2,07;55,75;48,74;0,41
103,67;-0,05;-1,67;-2,07;55,75;48,74;0,41
103,68;-0,05;-1,67;-2,07;55,75;48,74;0,41
103,70;-0,05;-1,67;-2,07;55,75;48,74;0,41
103,72;-0,05;-1,67;-2,07;55,75;48,74;0,41
103,72;-0,11;-0,92;-2,90;55,75;48,74;0,41
103,72;-0,11;-0,92;-2,90;55,75;48,74;0,41
103,74;-0,11;-0,92;-2,90;55,75;48,74;0,41
103,76;-0,11;-0,92;-2,90;55,75;48,74;0,41
103,78;-0,11;-0,92;-2,90;55,75;48,74;0,41
103,80;-0,11;-0,92;-2,90;55,75;48,74;0,41
103,80;0,09;0,24;-2,03;55,75;48,74;0,41
103,80;0,09;0,24;-2,03;55,75;48,74;0,41
103,82;0,09;0,24;-2,03;55,75;48,74;0,41
103,84;0,09;0,24;-2,03;55,75;48,74;0,41
103,86;0,09;0,24;-2,03;55,75;48,74;0,41
103,86;0,44;1,09;1,69;55,75;48,74;0,41
103,86;0,44;1,09;1,69;55,75;48,74;0,41
103,88;0,44;1,09;1,69;55,75;48,74;0,41
103,90;0,44;1,09;1,69;55,75;48,74;0,41
103,92;0,44;1,09;1,69;55,75;48,74;0,41
103,94;0,44;1,09;1,69;55,75;48,74;0,41
103,94;0,44;1,09;1,69;55,75;48,74;0,41
103,94;0,68;1,92;3,23;55,75;48,74;0,41
103,96;0,68;1,92;3,23;55,75;48,74;0,41
103,98;0,68;1,92;3,23;55,75;48,74;0,41
104,00;0,68;1,92;3,23;55,75;48,74;0,41
104,00;0,68;1,92;3,23;55,75;48,74;0,41
104,00;0,52;0,24;3,65;55,75;48,74;0,41
104,02;0,52;0,24;3,65;55,75;48,74;0,41
104,04;0,52;0,24;3,65;55,75;48,74;0,41
104,06;0,52;0,24;3,65;55,75;48,74;0,41
104,06;-0,85;-1,25;1,99;55,75;48,74;0,41
104,06;-0,85;-1,25;1,99;55,75;48,74;0,41
104,07;-0,85;-1,25;1,99;55,75;48,74;0,41
104,09;-0,85;-1,25;1,99;55,75;48,74;0,41
104,11;-0,85;-1,25;1,99;55,75;48,74;0,41
104,13;-0,85;-1,25;1,99;55,75;48,74;0,41
104,13;-0,85;-1,25;1,99;55,75;48,74;0,41
104,14;3,14;-0,71;-1,21;55,75;48,74;0,41
104,15;3,14;-0,71;-1,21;55,75;48,74;0,41
104,17;3,14;-0,71;-1,21;55,75;48,74;0,41
104,19;3,14;-0,71;-1,21;55,75;48,74;0,41
104,19;3,14;-0,71;-1,21;55,75;48,74;0,41
104,19;-0,62;-1,15;-2,80;55,75;48,74;0,41
104,21;-0,62;-1,15;-2,80;55,75;48,74;0,41
104,23;-0,62;-1,15;-2,80;55,75;48,74;0,41
104,25;-0,62;-1,15;-2,80;55,75;48,74;0,41
104,27;-0,62;-1,15;-2,80;55,75;48,74;0,41
104,27;-0,62;-1,15;-2,80;55,75;48,74;0,41
104,27;-1,15;-0,49;-4,32;55,75;48,74;0,41
104,29;-1,15;-0,49;-4,32;55,75;48,74;0,41
104,31;-1,15;-0,49;-4,32;55,75;48,74;0,41
104,33;-1,15;-0,49;-4,32;55,75;48,74;0,41
104,33;-0,76;-0,35;-2,08;55,75;48,74;0,41
104,33;-0,76;-0,35;-2,08;55,75;48,74;0,41
104,35;-0,76;-0,35;-2,08;55,75;48,74;0,41
104,37;-0,76;-0,35;-2,08;55,75;48,74;0,41
104,39;-0,76;-0,35;-2,08;55,75;48,74;0,41
104,39;-0,80;0,73;-0,86;55,75;48,74;0,41
104,39;-0,80;0,73;-0,86;55,75;48,74;0,41
104,41;-0,80;0,73;-0,86;55,75;48,74;0,41
104,43;-0,80;0,73;-0,86;55,75;48,74;0,41
104,45;-0,80;0,73;-0,86;55,75;48,74;0,41
104,47;-0,80;0,73;-0,86;55,75;48,74;0,41
104,47;-0,78;1,76;3,86;55,75;48,74;0,41
104,47;-0,78;1,76;3,86;55,75;48,74;0,41
104,49;-0,78;1,76;3,86;55,75;48,74;0,41
104,51;-0,78;1,76;3,86;55,75;48,74;0,41
104,53;-0,78;1,76;3,86;55,75;48,74;0,41
104,53;-0,45;2,07;4,08;55,75;48,74;0,41
104,53;-0,45;2,07;4,08;55,75;48,74;0,41
104,55;-0,45;2,07;4,08;55,75;48,74;0,41
104,57;-0,45;2,07;4,08;55,75;48,74;0,41
104,59;-0,45;2,07;4,08;55,75;48,74;0,41
104,59;-1,87;-0,03;3,56;55,75;48,74;0,41
104,59;-1,87;-0,03;3,56;55,75;48,74;0,41
104,61;-1,87;-0,03;3,56;55,75;48,74;0,41
104,63;-1,87;-0,03;3,56;55,75;48,74;0,41
104,65;-1,87;-0,03;3,56;55,75;48,74;0,41
104,67;-1,87;-0,03;3,56;55,75;48,74;0,41
104,67;-0,28;-0,49;-0,58;55,75;48,74;0,41
104,67;-0,28;-0,49;-0,58;55,75;48,74;0,41
104,68;-0,28;-0,49;-0,58;55,75;48,74;0,41
104,70;-0,28;-0,49;-0,58;55,75;48,74;0,41
104,72;-0,28;-0,49;-0,58;55,75;48,74;0,41
104,72;-0,28;-0,49;-0,58;55,75;48,74;0,41
104,72;-0,34;-1,69;-1,58;55,75;48,74;0,41
104,74;-0,34;-1,69;-1,58;55,75;48,74;0,41
104,76;-0,34;-1,69;-1,58;55,75;48,74;0,41
104,78;-0,34;-1,69;-1,58;55,75;48,74;0,41
104,80;-0,34;-1,69;-1,58;55,75;48,74;0,41
104,80;-0,07;-1,87;-3,16;55,75;48,74;0,41
104,81;-0,07;-1,87;-3,16;55,75;48,74;0,41
104,82;-0,07;-1,87;-3,16;55,75;48,74;0,41
104,84;-0,07;-1,87;-3,16;55,75;48,74;0,41
104,86;-0,07;-1,87;-3,16;55,75;48,74;0,41
104,86;-0,07;-1,87;-3,16;55,75;48,74;0,41
104,86;0,65;-0,77;-3,90;55,75;48,74;0,41
104,88;0,65;-0,77;-3,90;55,75;48,74;0,41
104,90;0,65;-0,77;-3,90;55,75;48,74;0,41
104,92;0,65;-0,77;-3,90;55,75;48,74;0,41
104,92;0,65;-0,77;-3,90;55,75;48,74;0,41
104,92;0,69;0,31;-0,59;55,75;48,74;0,41
104,94;0,69;0,31;-0,59;55,75;48,74;0,41
104,97;0,69;0,31;-0,59;55,75;48,74;0,41
104,98;0,69;0,31;-0,59;55,75;48,74;0,32
105,00;0,69;0,31;-0,59;55,75;48,74;0,32
105,00;0,69;0,31;-0,59;55,75;48,74;0,32
105,00;0,77;1,15;2,12;55,75;48,74;0,32
105,02;0,77;1,15;2,12;55,75;48,74;0,32
105,04;0,77;1,15;2,12;55,75;48,74;0,32
105,06;0,77;1,15;2,12;55,75;48,74;0,32
105,06;0,77;1,15;2,12;55,75;48,74;0,32
105,06;0,87;1,36;2,90;55,75;48,74;0,32
105,08;0,87;1,36;2,90;55,75;48,74;0,32
105,10;0,87;1,36;2,90;55,75;48,74;0,32
105,12;0,87;1,36;2,90;55,75;48,74;0,32
105,14;0,87;1,36;2,90;55,75;48,74;0,32
105,14;0,87;1,36;2,90;55,75;48,74;0,32
105,14;0,47;-0,65;3,07;55,75;48,74;0,32
105,16;0,47;-0,65;3,07;55,75;48,74;0,32
105,18;0,47;-0,65;3,07;55,75;48,74;0,32
105,20;0,47;-0,65;3,07;55,75;48,74;0,32
105,20;1,09;-1,70;2,88;55,75;48,74;0,32
105,20;1,09;-1,70;2,88;55,75;48,74;0,32
105,22;1,09;-1,70;2,88;55,75;48,74;0,32
105,24;1,09;-1,70;2,88;55,75;48,74;0,32
105,26;1,09;-1,70;2,88;55,75;48,74;0,32
105,26;2,21;-0,90;-1,08;55,75;48,74;0,32
105,26;2,21;-0,90;-1,08;55,75;48,74;0,32
105,27;2,21;-0,90;-1,08;55,75;48,74;0,32
105,29;2,21;-0,90;-1,08;55,75;48,74;0,32
105,31;2,21;-0,90;-1,08;55,75;48,74;0,32
105,33;2,21;-0,90;-1,08;55,75;48,74;0,32
105,33;2,21;-0,90;-1,08;55,75;48,74;0,32
105,33;-1,17;-0,94;-4,58;55,75;48,74;0,32
105,35;-1,17;-0,94;-4,58;55,75;48,74;0,32
105,37;-1,17;-0,94;-4,58;55,75;48,74;0,32
105,39;-1,17;-0,94;-4,58;55,75;48,74;0,32
105,39;-1,17;-0,94;-4,58;55,75;48,74;0,32
105,39;-1,06;-0,82;-4,05;55,75;48,74;0,32
105,41;-1,06;-0,82;-4,05;55,75;48,74;0,32
105,43;-1,06;-0,82;-4,05;55,75;48,74;0,32
105,45;-1,06;-0,82;-4,05;55,75;48,74;0,32
105,47;-1,06;-0,82;-4,05;55,75;48,74;0,32
105,47;-1,06;-0,82;-4,05;55,75;48,74;0,32
105,47;-0,17;-0,13;-1,74;55,75;48,74;0,32
105,49;-0,17;-0,13;-1,74;55,75;48,74;0,32
105,51;-0,17;-0,13;-1,74;55,75;48,74;0,32
105,53;-0,17;-0,13;-1,74;55,75;48,74;0,32
105,54;-0,94;1,53;0,82;55,75;48,74;0,32
105,54;-0,94;1,53;0,82;55,75;48,74;0,32
105,55;-0,94;1,53;0,82;55,75;48,74;0,32
105,57;-0,94;1,53;0,82;55,75;48,74;0,32
105,59;-0,94;1,53;0,82;55,75;48,74;0,32
105,59;-0,20;2,21;3,09;55,75;48,74;0,32
105,59;-0,20;2,21;3,09;55,75;48,74;0,32
105,61;-0,20;2,21;3,09;55,75;48,74;0,32
105,63;-0,20;2,21;3,09;55,75;48,74;0,32
105,65;-0,20;2,21;3,09;55,75;48,74;0,32
105,67;-0,20;2,21;3,09;55,75;48,74;0,32
105,67;-1,01;1,29;4,73;55,75;48,74;0,32
105,67;-1,01;1,29;4,73;55,75;48,74;0,32
105,69;-1,01;1,29;4,73;55,75;48,74;0,32
105,71;-1,01;1,29;4,73;55,75;48,74;0,32
105,73;-1,92;-1,11;2,02;55,75;48,74;0,32
105,73;-1,92;-1,11;2,02;55,75;48,74;0,32
105,73;-1,92;-1,11;2,02;55,75;48,74;0,32
105,75;-1,92;-1,11;2,02;55,75;48,74;0,32
105,77;-1,92;-1,11;2,02;55,75;48,74;0,32
105,79;-1,92;-1,11;2,02;55,75;48,74;0,32
105,79;-0,04;-1,07;-0,48;55,75;48,74;0,32
105,79;-0,04;-1,07;-0,48;55,75;48,74;0,32
105,81;-0,04;-1,07;-0,48;55,75;48,74;0,32
105,82;-0,04;-1,07;-0,48;55,75;48,74;0,32
105,84;-0,04;-1,07;-0,48;55,75;48,74;0,32
105,86;-0,04;-1,07;-0,48;55,75;48,74;0,32
105,87;0,86;-1,29;-1,63;55,75;48,74;0,32
105,87;0,86;-1,29;-1,63;55,75;48,74;0,32
105,88;0,86;-1,29;-1,63;55,75;48,74;0,32
105,90;0,86;-1,29;-1,63;55,75;48,74;0,32
105,92;0,86;-1,29;-1,63;55,75;48,74;0,32
105,92;-0,02;-1,00;-4,20;55,75;48,74;0,32
105,93;-0,02;-1,00;-4,20;55,75;48,74;0,32
105,94;-0,02;-1,00;-4,20;55,75;48,74;0,32
105,96;-0,02;-1,00;-4,20;55,75;48,74;0,32
105,98;-0,02;-1,00;-4,20;55,75;48,74;0,32
106,00;-0,02;-1,00;-4,20;55,75;48,74;0,84
106,00;-0,51;-0,42;-3,20;55,75;48,74;0,84
106,00;-0,51;-0,42;-3,20;55,75;48,74;0,84
106,02;-0,51;-0,42;-3,20;55,75;48,74;0,84
106,04;-0,51;-0,42;-3,20;55,75;48,74;0,84
106,06;-0,51;-0,42;-3,20;55,75;48,74;0,84
106,06;-0,51;-0,42;-3,20;55,75;48,74;0,84
106,06;-0,44;0,87;-0,79;55,75;48,74;0,84
106,08;-0,44;0,87;-0,79;55,75;48,74;0,84
106,10;-0,44;0,87;-0,79;55,75;48,74;0,84
106,12;-0,44;0,87;-0,79;55,75;48,74;0,84
106,12;-0,44;0,87;-0,79;55,75;48,74;0,84
106,12;1,12;1,56;2,35;55,75;48,74;0,84
106,14;1,12;1,56;2,35;55,75;48,74;0,84
106,16;1,12;1,56;2,35;55,75;48,74;0,84
106,18;1,12;1,56;2,35;55,75;48,74;0,84
106,20;1,12;1,56;2,35;55,75;48,74;0,84
106,20;1,72;1,71;4,77;55,75;48,74;0,84
106,20;1,72;1,71;4,77;55,75;48,74;0,84
106,22;1,72;1,71;4,77;55,75;48,74;0,84
106,24;1,72;1,71;4,77;55,75;48,74;0,84
106,26;1,72;1,71;4,77;55,75;48,74;0,84
106,26;1,72;1,71;4,77;55,75;48,74;0,84
106,26;1,85;-0,84;3,31;55,75;48,74;0,84
106,28;1,85;-0,84;3,31;55,75;48,74;0,84
106,30;1,85;-0,84;3,31;55,75;48,74;0,84
106,32;1,85;-0,84;3,31;55,75;48,74;0,84
106,34;1,85;-0,84;3,31;55,75;48,74;0,84
106,34;1,85;-0,84;3,31;55,75;48,74;0,84
106,34;1,10;-2,90;-0,63;55,75;48,74;0,84
106,36;1,10;-2,90;-0,63;55,75;48,74;0,84
106,38;1,10;-2,90;-0,63;55,75;48,74;0,84
106,40;1,10;-2,90;-0,63;55,75;48,74;0,84
106,40;1,10;-2,90;-0,63;55,75;48,74;0,84
106,40;0,52;-1,59;-2,80;55,75;48,74;0,84
106,42;0,52;-1,59;-2,80;55,75;48,74;0,84
106,43;0,52;-1,59;-2,80;55,75;48,74;0,84
106,45;0,52;-1,59;-2,80;55,75;48,74;0,84
106,46;0,52;-1,59;-2,80;55,75;48,74;0,84
106,46;-0,97;-0,34;-3,03;55,75;48,74;0,84
106,47;-0,97;-0,34;-3,03;55,75;48,74;0,84
106,49;-0,97;-0,34;-3,03;55,75;48,74;0,84
106,51;-0,97;-0,34;-3,03;55,75;48,74;0,84
106,53;-0,97;-0,34;-3,03;55,75;48,74;0,84
106,53;-0,97;-0,34;-3,03;55,75;48,74;0,84
106,54;-0,45;0,13;-3,84;55,75;48,74;0,84
106,55;-0,45;0,13;-3,84;55,75;48,74;0,84
106,57;-0,45;0,13;-3,84;55,75;48,74;0,84
106,59;-0,45;0,13;-3,84;55,75;48,74;0,84
106,59;-0,45;0,13;-3,84;55,75;48,74;0,84
106,59;-1,18;0,76;-2,25;55,75;48,74;0,84
106,61;-1,18;0,76;-2,25;55,75;48,74;0,84
106,63;-1,18;0,76;-2,25;55,75;48,74;0,84
106,65;-1,18;0,76;-2,25;55,75;48,74;0,84
106,67;-1,18;0,76;-2,25;55,75;48,74;0,84
106,67;-1,18;0,76;-2,25;55,75;48,74;0,84
106,67;-0,89;1,81;1,01;55,75;48,74;0,84
106,69;-0,89;1,81;1,01;55,75;48,74;0,84
106,71;-0,89;1,81;1,01;55,75;48,74;0,84
106,73;-0,89;1,81;1,01;55,75;48,74;0,84
106,73;-0,89;1,81;1,01;55,75;48,74;0,84
106,73;-0,47;1,92;4,58;55,75;48,74;0,84
106,75;-0,47;1,92;4,58;55,75;48,74;0,84
106,77;-0,47;1,92;4,58;55,75;48,74;0,84
106,79;-0,47;1,92;4,58;55,75;48,74;0,84
106,79;-1,52;-0,02;5,72;55,75;48,74;0,84
106,79;-1,52;-0,02;5,72;55,75;48,74;0,84
106,81;-1,52;-0,02;5,72;55,75;48,74;0,84
106,83;-1,52;-0,02;5,72;55,75;48,74;0,84
106,85;-1,52;-0,02;5,72;55,75;48,74;0,84
106,87;-1,52;-0,02;5,72;55,75;48,74;0,84
106,87;-1,61;-0,79;1,56;55,75;48,74;0,84
106,87;-1,61;-0,79;1,56;55,75;48,74;0,84
106,89;-1,61;-0,79;1,56;55,75;48,74;0,84
106,91;-1,61;-0,79;1,56;55,75;48,74;0,84
106,93;-1,61;-0,79;1,56;55,75;48,74;0,84
106,93;1,45;-1,66;-0,43;55,75;48,74;0,84
106,93;1,45;-1,66;-0,43;55,75;48,74;0,84
106,95;1,45;-1,66;-0,43;55,75;48,74;0,84
106,96;1,45;-1,66;-0,43;55,75;48,74;0,84
106,99;1,45;-1,66;-0,43;55,75;48,74;0,84
107,00;1,45;-1,66;-0,43;55,75;48,74;0,58
107,01;1,45;-1,66;-0,43;55,75;48,74;0,58
107,01;-0,10;-2,21;-2,59;55,75;48,74;0,58
107,03;-0,10;-2,21;-2,59;55,75;48,74;0,58
107,04;-0,10;-2,21;-2,59;55,75;48,74;0,58
107,06;-0,10;-2,21;-2,59;55,75;48,74;0,58
107,07;-0,10;-2,21;-2,59;55,75;48,74;0,58
107,07;-0,01;-1,27;-4,80;55,75;48,74;0,58
107,08;-0,01;-1,27;-4,80;55,75;48,74;0,58
107,10;-0,01;-1,27;-4,80;55,75;48,74;0,58
107,12;-0,01;-1,27;-4,80;55,75;48,74;0,58
107,12;0,69;-0,07;-2,65;55,75;48,74;0,58
107,13;0,69;-0,07;-2,65;55,75;48,74;0,58
107,14;0,69;-0,07;-2,65;55,75;48,74;0,58
107,16;0,69;-0,07;-2,65;55,75;48,74;0,58
107,18;0,69;-0,07;-2,65;55,75;48,74;0,58
107,20;0,69;-0,07;-2,65;55,75;48,74;0,58
107,20;0,69;-0,07;-2,65;55,75;48,74;0,58
107,20;0,09;1,07;0,33;55,75;48,74;0,58
107,22;0,09;1,07;0,33;55,75;48,74;0,58
107,24;0,09;1,07;0,33;55,75;48,74;0,58
107,26;0,09;1,07;0,33;55,75;48,74;0,58
107,26;0,09;1,07;0,33;55,75;48,74;0,58
107,26;0,20;1,54;3,19;55,75;48,74;0,58
107,28;0,20;1,54;3,19;55,75;48,74;0,58
107,30;0,20;1,54;3,19;55,75;48,74;0,58
107,32;0,20;1,54;3,19;55,75;48,74;0,58
107,32;0,55;0,55;3,77;55,75;48,74;0,58
107,32;0,55;0,55;3,77;55,75;48,74;0,58
107,34;0,55;0,55;3,77;55,75;48,74;0,58
107,36;0,55;0,55;3,77;55,75;48,74;0,58
107,38;0,55;0,55;3,77;55,75;48,74;0,58
107,40;0,55;0,55;3,77;55,75;48,74;0,58
107,40;1,33;-1,25;4,82;55,75;48,74;0,58
107,40;1,33;-1,25;4,82;55,75;48,74;0,58
107,42;1,33;-1,25;4,82;55,75;48,74;0,58
107,44;1,33;-1,25;4,82;55,75;48,74;0,58
107,46;1,33;-1,25;4,82;55,75;48,74;0,58
107,46;1,33;-1,25;4,82;55,75;48,74;0,58
107,46;3,31;-1,28;-1,31;55,75;48,74;0,58
107,48;3,31;-1,28;-1,31;55,75;48,74;0,58
107,50;3,31;-1,28;-1,31;55,75;48,74;0,58
107,52;3,31;-1,28;-1,31;55,75;48,74;0,58
107,54;3,31;-1,28;-1,31;55,75;48,74;0,58
107,54;-0,49;-0,94;-4,53;55,75;48,74;0,58
107,54;-0,49;-0,94;-4,53;55,75;48,74;0,58
107,56;-0,49;-0,94;-4,53;55,75;48,74;0,58
107,58;-0,49;-0,94;-4,53;55,75;48,74;0,58
107,60;-0,49;-0,94;-4,53;55,75;48,74;0,58
107,60;-0,49;-0,94;-4,53;55,75;48,74;0,58
107,60;-0,96;-1,20;-2,98;55,75;48,74;0,58
107,61;-0,96;-1,20;-2,98;55,75;48,74;0,58
107,63;-0,96;-1,20;-2,98;55,75;48,74;0,58
107,65;-0,96;-1,20;-2,98;55,75;48,74;0,58
107,66;-0,96;-1,20;-2,98;55,75;48,74;0,58
107,66;-1,45;-0,07;-3,72;55,75;48,74;0,58
107,67;-1,45;-0,07;-3,72;55,75;48,74;0,58
107,69;-1,45;-0,07;-3,72;55,75;48,74;0,58
107,71;-1,45;-0,07;-3,72;55,75;48,74;0,58
107,73;-1,45;-0,07;-3,72;55,75;48,74;0,58
107,73;-1,09;1,25;-0,42;55,75;48,74;0,58
107,74;-1,09;1,25;-0,42;55,75;48,74;0,58
107,75;-1,09;1,25;-0,42;55,75;48,74;0,58
107,77;-1,09;1,25;-0,42;55,75;48,74;0,58
107,79;-1,09;1,25;-0,42;55,75;48,74;0,58
107,79;-1,09;1,25;-0,42;55,75;48,74;0,58
107,79;-1,26;2,11;3,42;55,75;48,74;0,58
107,81;-1,26;2,11;3,42;55,75;48,74;0,58
107,83;-1,26;2,11;3,42;55,75;48,74;0,58
107,85;-1,26;2,11;3,42;55,75;48,74;0,58
107,87;-1,26;2,11;3,42;55,75;48,74;0,58
107,87;-1,26;2,11;3,42;55,75;48,74;0,58
107,87;-1,40;1,01;5,94;55,75;48,74;0,58
107,89;-1,40;1,01;5,94;55,75;48,74;0,58
107,91;-1,40;1,01;5,94;55,75;48,74;0,58
107,93;-1,40;1,01;5,94;55,75;48,74;0,58
107,93;-1,40;1,01;5,94;55,75;48,74;0,58
107,93;-1,54;-0,09;1,31;55,75;48,74;0,58
107,95;-1,54;-0,09;1,31;55,75;48,74;0,58
107,97;-1,54;-0,09;1,31;55,75;48,74;0,58
107,99;-1,54;-0,09;1,31;55,75;48,74;0,79
107,99;-1,54;-0,09;1,31;55,75;48,74;0,79
107,99;0,18;-1,40;1,49;55,75;48,74;0,79
108,01;0,18;-1,40;1,49;55,75;48,74;0,79
108,03;0,18;-1,40;1,49;55,75;48,74;0,79
108,05;0,18;-1,40;1,49;55,75;48,74;0,79
108,07;0,18;-1,40;1,49;55,75;48,74;0,79
108,07;0,18;-1,40;1,49;55,75;48,74;0,79
108,07;-0,12;-2,10;-1,51;55,75;48,74;0,79
108,09;-0,12;-2,10;-1,51;55,75;48,74;0,79
108,11;-0,12;-2,10;-1,51;55,75;48,74;0,79
108,13;-0,12;-2,10;-1,51;55,75;48,74;0,79
108,13;-0,12;-2,10;-1,51;55,75;48,74;0,79
108,13;0,51;-1,10;-5,22;55,75;48,74;0,79
108,15;0,51;-1,10;-5,22;55,75;48,74;0,79
108,17;0,51;-1,10;-5,22;55,75;48,74;0,79
108,18;0,51;-1,10;-5,22;55,75;48,74;0,79
108,20;0,51;-1,10;-5,22;55,75;48,74;0,79
108,21;0,52;-0,48;-3,03;55,75;48,74;0,79
108,21;0,52;-0,48;-3,03;55,75;48,74;0,79
108,22;0,52;-0,48;-3,03;55,75;48,74;0,79
108,24;0,52;-0,48;-3,03;55,75;48,74;0,79
108,26;0,52;-0,48;-3,03;55,75;48,74;0,79
108,27;0,52;-0,48;-3,03;55,75;48,74;0,79
108,27;0,08;0,34;-1,19;55,75;48,74;0,79
108,28;0,08;0,34;-1,19;55,75;48,74;0,79
108,30;0,08;0,34;-1,19;55,75;48,74;0,79
108,32;0,08;0,34;-1,19;55,75;48,74;0,79
108,32;0,21;1,25;2,37;55,75;48,74;0,79
108,32;0,21;1,25;2,37;55,75;48,74;0,79
108,34;0,21;1,25;2,37;55,75;48,74;0,79
108,36;0,21;1,25;2,37;55,75;48,74;0,79
108,38;0,21;1,25;2,37;55,75;48,74;0,79
108,40;0,21;1,25;2,37;55,75;48,74;0,79
108,40;0,21;1,25;2,37;55,75;48,74;0,79
108,40;0,25;1,51;3,58;55,75;48,74;0,79
108,42;0,25;1,51;3,58;55,75;48,74;0,79
108,44;0,25;1,51;3,58;55,75;48,74;0,79
108,46;0,25;1,51;3,58;55,75;48,74;0,79
108,46;0,25;1,51;3,58;55,75;48,74;0,79
108,46;0,62;-0,19;3,84;55,75;48,74;0,79
108,48;0,62;-0,19;3,84;55,75;48,74;0,79
108,50;0,62;-0,19;3,84;55,75;48,74;0,79
108,52;0,62;-0,19;3,84;55,75;48,74;0,79
108,52;2,07;-1,29;1,40;55,75;48,74;0,79
108,52;2,07;-1,29;1,40;55,75;48,74;0,79
108,54;2,07;-1,29;1,40;55,75;48,74;0,79
108,56;2,07;-1,29;1,40;55,75;48,74;0,79
108,58;2,07;-1,29;1,40;55,75;48,74;0,79
108,60;2,07;-1,29;1,40;55,75;48,74;0,79
108,60;2,07;-1,29;1,40;55,75;48,74;0,79
108,60;0,86;-0,98;-1,79;55,75;48,74;0,79
108,62;0,86;-0,98;-1,79;55,75;48,74;0,79
108,64;0,86;-0,98;-1,79;55,75;48,74;0,79
108,66;0,86;-0,98;-1,79;55,75;48,74;0,79
108,66;-0,12;-1,21;-3,44;55,75;48,74;0,79
108,66;-0,12;-1,21;-3,44;55,75;48,74;0,79
108,68;-0,12;-1,21;-3,44;55,75;48,74;0,79
108,70;-0,12;-1,21;-3,44;55,75;48,74;0,79
108,72;-0,12;-1,21;-3,44;55,75;48,74;0,79
108,74;-0,12;-1,21;-3,44;55,75;48,74;0,79
108,74;-0,12;-1,21;-3,44;55,75;48,74;0,79
108,74;0,01;-0,79;-3,69;55,75;48,74;0,79
108,75;0,01;-0,79;-3,69;55,75;48,74;0,79
108,77;0,01;-0,79;-3,69;55,75;48,74;0,79
108,79;0,01;-0,79;-3,69;55,75;48,74;0,79
108,80;0,01;-0,79;-3,69;55,75;48,74;0,79
108,80;-0,24;0,29;-1,01;55,75;48,74;0,79
108,81;-0,24;0,29;-1,01;55,75;48,74;0,79
108,83;-0,24;0,29;-1,01;55,75;48,74;0,79
108,85;-0,05;2,02;0,03;55,75;48,74;0,79
108,86;-0,05;2,02;0,03;55,75;48,74;0,79
108,86;-0,05;2,02;0,03;55,75;48,74;0,79
108,87;-0,05;2,02;0,03;55,75;48,74;0,79
108,89;-0,05;2,02;0,03;55,75;48,74;0,79
108,91;-0,05;2,02;0,03;55,75;48,74;0,79
108,93;-0,05;2,02;0,03;55,75;48,74;0,79
108,93;-0,36;2,19;1,23;55,75;48,74;0,79
108,93;-0,36;2,19;1,23;55,75;48,74;0,79
108,95;-0,36;2,19;1,23;55,75;48,74;0,79
108,97;-0,36;2,19;1,23;55,75;48,74;0,79
108,99;-0,36;2,19;1,23;55,75;48,74;1,02
108,99;-0,36;2,19;1,23;55,75;48,74;1,02
108,99;-1,61;1,18;4,50;55,75;48,74;1,02
109,01;-1,61;1,18;4,50;55,75;48,74;1,02
109,03;-1,61;1,18;4,50;55,75;48,74;1,02
109,05;-1,61;1,18;4,50;55,75;48,74;1,02
109,07;-1,61;1,18;4,50;55,75;48,74;1,02
109,07;-1,61;1,18;4,50;55,75;48,74;1,02
109,07;-1,00;-0,39;2,05;55,75;48,74;1,02
109,09;-1,00;-0,39;2,05;55,75;48,74;1,02
109,11;-1,00;-0,39;2,05;55,75;48,74;1,02
109,13;-1,00;-0,39;2,05;55,75;48,74;1,02
109,13;-0,65;-1,87;1,23;55,75;48,74;1,02
109,13;-0,65;-1,87;1,23;55,75;48,74;1,02
109,15;-0,65;-1,87;1,23;55,75;48,74;1,02
109,17;-0,65;-1,87;1,23;55,75;48,74;1,02
109,19;-0,65;-1,87;1,23;55,75;48,74;1,02
109,19;0,26;-1,66;-1,63;55,75;48,74;1,02
109,19;0,26;-1,66;-1,63;55,75;48,74;1,02
109,21;0,26;-1,66;-1,63;55,75;48,74;1,02
109,23;0,26;-1,66;-1,63;55,75;48,74;1,02
109,25;0,26;-1,66;-1,63;55,75;48,74;1,02
109,27;0,26;-1,66;-1,63;55,75;48,74;1,02
109,27;0,26;-1,66;-1,63;55,75;48,74;1,02
109,27;0,95;-0,94;-4,35;55,75;48,74;1,02
109,29;0,95;-0,94;-4,35;55,75;48,74;1,02
109,31;0,95;-0,94;-4,35;55,75;48,74;1,02
109,33;0,95;-0,94;-4,35;55,75;48,74;1,02
109,33;0,95;-0,94;-4,35;55,75;48,74;1,02
109,33;0,38;-0,08;-2,50;55,75;48,74;1,02
109,35;0,38;-0,08;-2,50;55,75;48,74;1,02
109,36;0,38;-0,08;-2,50;55,75;48,74;1,02
109,38;0,38;-0,08;-2,50;55,75;48,74;1,02
109,40;0,38;-0,08;-2,50;55,75;48,74;1,02
109,41;0,38;-0,08;-2,50;55,75;48,74;1,02
109,41;0,29;0,83;-0,89;55,75;48,74;1,02
109,43;0,29;0,83;-0,89;55,75;48,74;1,02
109,44;0,29;0,83;-0,89;55,75;48,74;1,02
109,46;0,29;0,83;-0,89;55,75;48,74;1,02
109,47;-0,51;1,56;0,53;55,75;48,74;1,02
109,47;-0,51;1,56;0,53;55,75;48,74;1,02
109,48;-0,51;1,56;0,53;55,75;48,74;1,02
109,50;-0,51;1,56;0,53;55,75;48,74;1,02
109,52;-0,51;1,56;0,53;55,75;48,74;1,02
109,52;-0,23;1,73;4,06;55,75;48,74;1,02
109,53;-0,23;1,73;4,06;55,75;48,74;1,02
109,54;-0,23;1,73;4,06;55,75;48,74;1,02
109,56;-0,23;1,73;4,06;55,75;48,74;1,02
109,58;-0,23;1,73;4,06;55,75;48,74;1,02
109,60;-0,23;1,73;4,06;55,75;48,74;1,02
109,60;0,64;0,07;3,48;55,75;48,74;1,02
109,60;0,64;0,07;3,48;55,75;48,74;1,02
109,62;0,64;0,07;3,48;55,75;48,74;1,02
109,64;0,64;0,07;3,48;55,75;48,74;1,02
109,66;0,64;0,07;3,48;55,75;48,74;1,02
109,66;0,88;-2,24;1,23;55,75;48,74;1,02
109,66;0,88;-2,24;1,23;55,75;48,74;1,02
109,68;0,88;-2,24;1,23;55,75;48,74;1,02
109,70;0,88;-2,24;1,23;55,75;48,74;1,02
109,72;0,88;-2,24;1,23;55,75;48,74;1,02
109,72;2,42;-1,37;-1,27;55,75;48,74;1,02
109,72;2,42;-1,37;-1,27;55,75;48,74;1,02
109,74;2,42;-1,37;-1,27;55,75;48,74;1,02
109,76;2,42;-1,37;-1,27;55,75;48,74;1,02
109,78;2,42;-1,37;-1,27;55,75;48,74;1,02
109,80;2,42;-1,37;-1,27;55,75;48,74;1,02
109,80;2,42;-1,37;-1,27;55,75;48,74;1,02
109,80;-0,32;-0,79;-2,61;55,75;48,74;1,02
109,82;-0,32;-0,79;-2,61;55,75;48,74;1,02
109,84;-0,32;-0,79;-2,61;55,75;48,74;1,02
109,86;-0,32;-0,79;-2,61;55,75;48,74;1,02
109,86;-0,32;-0,79;-2,61;55,75;48,74;1,02
109,86;-0,48;-0,70;-3,81;55,75;48,74;1,02
109,88;-0,48;-0,70;-3,81;55,75;48,74;1,02
109,90;-0,48;-0,70;-3,81;55,75;48,74;1,02
109,92;-0,48;-0,70;-3,81;55,75;48,74;1,02
109,94;-0,48;-0,70;-3,81;55,75;48,74;1,02
109,94;-0,32;0,04;-3,09;55,75;48,74;1,02
109,94;-0,32;0,04;-3,09;55,75;48,74;1,02
109,96;-0,32;0,04;-3,09;55,75;48,74;1,02
109,97;-0,32;0,04;-3,09;55,75;48,74;1,02
109,99;-0,32;0,04;-3,09;55,75;48,74;0,89
110,00;-0,32;0,04;-3,09;55,75;48,74;0,89
110,00;-0,53;1,36;0,93;55,75;48,74;0,89
110,01;-0,53;1,36;0,93;55,75;48,74;0,89
110,03;-0,53;1,36;0,93;55,75;48,74;0,89
110,05;-0,53;1,36;0,93;55,75;48,74;0,89
110,05;-0,53;1,36;0,93;55,75;48,74;0,89
110,05;-0,58;1,91;2,20;55,75;48,74;0,89
110,07;-0,58;1,91;2,20;55,75;48,74;0,89
110,09;-0,58;1,91;2,20;55,75;48,74;0,89
110,11;-0,58;1,91;2,20;55,75;48,74;0,89
110,13;-0,58;1,91;2,20;55,75;48,74;0,89
110,13;-0,58;1,91;2,20;55,75;48,74;0,89
110,14;-1,52;1,66;5,68;55,75;48,74;0,89
110,15;-1,52;1,66;5,68;55,75;48,74;0,89
110,17;-1,52;1,66;5,68;55,75;48,74;0,89
110,19;-1,52;1,66;5,68;55,75;48,74;0,89
110,19;-1,23;-0,81;3,22;55,75;48,74;0,89
110,19;-1,23;-0,81;3,22;55,75;48,74;0,89
110,21;-1,23;-0,81;3,22;55,75;48,74;0,89
110,23;-1,23;-0,81;3,22;55,75;48,74;0,89
110,25;-1,23;-0,81;3,22;55,75;48,74;0,89
110,27;-1,23;-0,81;3,22;55,75;48,74;0,89
110,27;-0,06;-0,47;-2,43;55,75;48,74;0,89
110,27;-0,06;-0,47;-2,43;55,75;48,74;0,89
110,29;-0,06;-0,47;-2,43;55,75;48,74;0,89
110,31;-0,06;-0,47;-2,43;55,75;48,74;0,89
110,33;-0,06;-0,47;-2,43;55,75;48,74;0,89
110,33;-0,06;-0,47;-2,43;55,75;48,74;0,89
110,33;-0,60;-1,62;-2,00;55,75;48,74;0,89
110,35;-0,60;-1,62;-2,00;55,75;48,74;0,89
110,37;-0,60;-1,62;-2,00;55,75;48,74;0,89
110,39;-0,60;-1,62;-2,00;55,75;48,74;0,89
110,39;-0,60;-1,62;-2,00;55,75;48,74;0,89
110,39;-0,29;-1,55;-4,35;55,75;48,74;0,89
110,41;-0,29;-1,55;-4,35;55,75;48,74;0,89
110,43;-0,29;-1,55;-4,35;55,75;48,74;0,89
110,45;-0,29;-1,55;-4,35;55,75;48,74;0,89
110,47;-0,29;-1,55;-4,35;55,75;48,74;0,89
110,47;-0,07;-0,60;-2,95;55,75;48,74;0,89
110,47;-0,07;-0,60;-2,95;55,75;48,74;0,89
110,49;-0,07;-0,60;-2,95;55,75;48,74;0,89
110,51;-0,07;-0,60;-2,95;55,75;48,74;0,89
110,53;0,48;0,12;1,50;55,75;48,74;0,89
110,53;0,48;0,12;1,50;55,75;48,74;0,89
110,53;0,48;0,12;1,50;55,75;48,74;0,89
110,54;0,48;0,12;1,50;55,75;48,74;0,89
110,56;0,48;0,12;1,50;55,75;48,74;0,89
110,58;0,48;0,12;1,50;55,75;48,74;0,89
110,60;0,48;0,12;1,50;55,75;48,74;0,89
110,61;0,48;0,12;1,50;55,75;48,74;0,89
110,61;1,09;1,45;2,49;55,75;48,74;0,89
110,62;1,09;1,45;2,49;55,75;48,74;0,89
110,64;1,09;1,45;2,49;55,75;48,74;0,89
110,66;1,09;1,45;2,49;55,75;48,74;0,89
110,66;1,09;1,45;2,49;55,75;48,74;0,89
110,67;0,85;1,14;4,92;55,75;48,74;0,89
110,68;0,85;1,14;4,92;55,75;48,74;0,89
110,70;0,85;1,14;4,92;55,75;48,74;0,89
110,72;0,85;1,14;4,92;55,75;48,74;0,89
110,72;1,10;-0,99;3,56;55,75;48,74;0,89
110,72;1,10;-0,99;3,56;55,75;48,74;0,89
110,74;1,10;-0,99;3,56;55,75;48,74;0,89
110,76;1,10;-0,99;3,56;55,75;48,74;0,89
110,78;1,10;-0,99;3,56;55,75;48,74;0,89
110,80;1,10;-0,99;3,56;55,75;48,74;0,89
110,80;1,10;-0,99;3,56;55,75;48,74;0,89
110,80;1,96;-1,18;-2,50;55,75;48,74;0,89
110,82;1,96;-1,18;-2,50;55,75;48,74;0,89
110,84;1,96;-1,18;-2,50;55,75;48,74;0,89
110,86;1,96;-1,18;-2,50;55,75;48,74;0,89
110,86;1,96;-1,18;-2,50;55,75;48,74;0,89
110,86;-0,27;-1,14;-3,27;55,75;48,74;0,89
110,88;-0,27;-1,14;-3,27;55,75;48,74;0,89
110,90;-0,27;-1,14;-3,27;55,75;48,74;0,89
110,92;-0,27;-1,14;-3,27;55,75;48,74;0,89
110,94;-0,27;-1,14;-3,27;55,75;48,74;0,89
110,94;-0,27;-1,14;-3,27;55,75;48,74;0,89
110,94;-1,24;-1,03;-3,29;55,75;48,74;0,89
110,96;-1,24;-1,03;-3,29;55,75;48,74;0,89
110,98;-1,24;-1,03;-3,29;55,75;48,74;0,89
111,00;-1,24;-1,03;-3,29;55,75;48,74;0,89
111,00;-0,56;-0,11;-2,99;55,75;48,74;0,89
111,00;-0,56;-0,11;-2,99;55,75;48,74;0,89
111,02;-0,56;-0,11;-2,99;55,75;48,74;0,89
111,04;-0,56;-0,11;-2,99;55,75;48,74;0,89
111,06;-0,56;-0,11;-2,99;55,75;48,74;0,89
111,06;-0,56;-0,11;-2,99;55,75;48,74;0,89
111,06;-0,38;1,43;-0,47;55,75;48,74;0,89
111,08;-0,38;1,43;-0,47;55,75;48,74;0,89
111,09;-0,38;1,43;-0,47;55,75;48,74;0,89
111,12;-0,38;1,43;-0,47;55,75;48,74;0,89
111,14;-0,38;1,43;-0,47;55,75;48,74;0,89
111,14;-0,38;1,43;-0,47;55,75;48,74;0,89
111,14;-1,71;2,40;2,17;55,75;48,74;0,89
111,15;-1,71;2,40;2,17;55,75;48,74;0,89
111,17;-1,71;2,40;2,17;55,75;48,74;0,89
111,19;-1,71;2,40;2,17;55,75;48,74;0,89
111,20;-1,71;2,40;2,17;55,75;48,74;0,89
111,20;-0,94;1,96;5,66;55,75;48,74;0,89
111,21;-0,94;1,96;5,66;55,75;48,74;0,89
111,23;-0,94;1,96;5,66;55,75;48,74;0,89
111,25;-0,94;1,96;5,66;55,75;48,74;0,89
111,25;-0,94;1,96;5,66;55,75;48,74;0,89
111,26;-0,14;-1,10;4,15;55,75;48,74;0,89
111,27;-0,14;-1,10;4,15;55,75;48,74;0,89
111,29;-0,14;-1,10;4,15;55,75;48,74;0,89
111,31;-0,14;-1,10;4,15;55,75;48,74;0,89
111,33;-0,14;-1,10;4,15;55,75;48,74;0,89
111,33;0,04;-2,71;0,51;55,75;48,74;0,89
111,33;0,04;-2,71;0,51;55,75;48,74;0,89
111,35;0,04;-2,71;0,51;55,75;48,74;0,89
111,37;0,04;-2,71;0,51;55,75;48,74;0,89
111,39;0,04;-2,71;0,51;55,75;48,74;0,89
111,39;0,04;-2,71;0,51;55,75;48,74;0,89
111,39;0,20;-1,49;-2,70;55,75;48,74;0,89
111,41;0,20;-1,49;-2,70;55,75;48,74;0,89
111,43;0,20;-1,49;-2,70;55,75;48,74;0,89
111,45;0,20;-1,49;-2,70;55,75;48,74;0,89
111,47;0,20;-1,49;-2,70;55,75;48,74;0,89
111,47;0,10;-0,02;-5,60;55,75;48,74;0,89
111,47;0,10;-0,02;-5,60;55,75;48,74;0,89
111,49;0,10;-0,02;-5,60;55,75;48,74;0,89
111,51;0,10;-0,02;-5,60;55,75;48,74;0,89
111,53;0,10;-0,02;-5,60;55,75;48,74;0,89
111,53;-1,23;-0,31;-2,23;55,75;48,74;0,89
111,53;-1,23;-0,31;-2,23;55,75;48,74;0,89
111,55;-1,23;-0,31;-2,23;55,75;48,74;0,89
111,57;-1,23;-0,31;-2,23;55,75;48,74;0,89
111,59;-1,23;-0,31;-2,23;55,75;48,74;0,89
111,59;-2,08;0,67;-0,67;55,75;48,74;0,89
111,59;-2,08;0,67;-0,67;55,75;48,74;0,89
111,61;-2,08;0,67;-0,67;55,75;48,74;0,89
111,63;-2,08;0,67;-0,67;55,75;48,74;0,89
111,65;-2,08;0,67;-0,67;55,75;48,74;0,89
111,67;-2,08;0,67;-0,67;55,75;48,74;0,89
111,67;-2,08;0,67;-0,67;55,75;48,74;0,89
111,67;0,11;1,11;1,46;55,75;48,74;0,89
111,69;0,11;1,11;1,46;55,75;48,74;0,89
111,71;0,11;1,11;1,46;55,75;48,74;0,89
111,73;0,11;1,11;1,46;55,75;48,74;0,89
111,73;1,79;2,21;3,94;55,75;48,74;0,89
111,73;1,79;2,21;3,94;55,75;48,74;0,89
111,74;1,79;2,21;3,94;55,75;48,74;0,89
111,76;1,79;2,21;3,94;55,75;48,74;0,89
111,78;1,79;2,21;3,94;55,75;48,74;0,89
111,80;1,79;2,21;3,94;55,75;48,74;0,89
111,81;1,79;2,21;3,94;55,75;48,74;0,89
111,81;1,38;1,06;3,92;55,75;48,74;0,89
111,82;1,38;1,06;3,92;55,75;48,74;0,89
111,84;1,38;1,06;3,92;55,75;48,74;0,89
111,86;1,38;1,06;3,92;55,75;48,74;0,89
111,86;-0,01;-3,51;1,43;55,75;48,74;0,89
111,87;-0,01;-3,51;1,43;55,75;48,74;0,89
111,88;-0,01;-3,51;1,43;55,75;48,74;0,89
111,90;-0,01;-3,51;1,43;55,75;48,74;0,89
111,92;-0,01;-3,51;1,43;55,75;48,74;0,89
111,92;0,99;-2,22;-2,67;55,75;48,74;0,89
111,93;0,99;-2,22;-2,67;55,75;48,74;0,89
111,94;0,99;-2,22;-2,67;55,75;48,74;0,89
111,96;0,99;-2,22;-2,67;55,75;48,74;0,89
111,98;0,99;-2,22;-2,67;55,75;48,74;0,89
112,00;0,99;-2,22;-2,67;55,75;48,74;0,77
112,00;0,99;-2,22;-2,67;55,75;48,74;0,77
112,00;0,59;-0,31;-3,01;55,75;48,74;0,77
112,02;0,59;-0,31;-3,01;55,75;48,74;0,77
112,04;0,59;-0,31;-3,01;55,75;48,74;0,77
112,06;0,59;-0,31;-3,01;55,75;48,74;0,77
112,06;0,71;-0,56;-2,81;55,75;48,74;0,77
112,06;0,71;-0,56;-2,81;55,75;48,74;0,77
112,08;0,71;-0,56;-2,81;55,75;48,74;0,77
112,10;0,71;-0,56;-2,81;55,75;48,74;0,77
112,12;0,71;-0,56;-2,81;55,75;48,74;0,77
112,14;0,71;-0,56;-2,81;55,75;48,74;0,77
112,14;0,71;-0,56;-2,81;55,75;48,74;0,77
112,14;0,75;-0,22;-2,61;55,75;48,74;0,77
112,16;0,75;-0,22;-2,61;55,75;48,74;0,77
112,18;0,75;-0,22;-2,61;55,75;48,74;0,77
112,20;0,75;-0,22;-2,61;55,75;48,74;0,77
112,20;-0,80;0,36;2,32;55,75;48,74;0,77
112,20;-0,80;0,36;2,32;55,75;48,74;0,77
112,22;-0,80;0,36;2,32;55,75;48,74;0,77
112,24;-0,80;0,36;2,32;55,75;48,74;0,77
112,26;-0,80;0,36;2,32;55,75;48,74;0,77
112,26;-0,80;0,36;2,32;55,75;48,74;0,77
112,26;0,48;2,21;1,39;55,75;48,74;0,77
112,28;0,48;2,21;1,39;55,75;48,74;0,77
112,30;0,48;2,21;1,39;55,75;48,74;0,77
112,32;0,48;2,21;1,39;55,75;48,74;0,77
112,33;0,48;2,21;1,39;55,75;48,74;0,77
112,34;0,48;2,21;1,39;55,75;48,74;0,77
112,34;-0,12;2,28;3,80;55,75;48,74;0,77
112,35;-0,12;2,28;3,80;55,75;48,74;0,77
112,37;-0,12;2,28;3,80;55,75;48,74;0,77
112,39;-0,12;2,28;3,80;55,75;48,74;0,77
112,40;-0,12;2,28;3,80;55,75;48,74;0,77
112,40;-1,94;-1,42;5,07;55,75;48,74;0,77
112,41;-1,94;-1,42;5,07;55,75;48,74;0,77
112,43;-1,94;-1,42;5,07;55,75;48,74;0,77
112,45;-1,94;-1,42;5,07;55,75;48,74;0,77
112,45;-0,93;-1,01;-3,14;55,75;48,74;0,77
112,46;-0,93;-1,01;-3,14;55,75;48,74;0,77
112,47;-0,93;-1,01;-3,14;55,75;48,74;0,77
112,49;-0,93;-1,01;-3,14;55,75;48,74;0,77
112,51;-0,93;-1,01;-3,14;55,75;48,74;0,77
112,53;-0,93;-1,01;-3,14;55,75;48,74;0,77
112,53;-0,46;-1,22;-2,83;55,75;48,74;0,77
112,53;-0,46;-1,22;-2,83;55,75;48,74;0,77
112,55;-0,46;-1,22;-2,83;55,75;48,74;0,77
112,57;-0,46;-1,22;-2,83;55,75;48,74;0,77
112,59;-0,46;-1,22;-2,83;55,75;48,74;0,77
112,59;-0,91;-1,01;-2,81;55,75;48,74;0,77
112,60;-0,91;-1,01;-2,81;55,75;48,74;0,77
112,61;-0,91;-1,01;-2,81;55,75;48,74;0,77
112,63;-0,91;-1,01;-2,81;55,75;48,74;0,77
112,65;-0,91;-1,01;-2,81;55,75;48,74;0,77
112,67;-0,91;-1,01;-2,81;55,75;48,74;0,77
112,67;-0,91;-1,01;-2,81;55,75;48,74;0,77
112,67;-1,06;0,53;-2,85;55,75;48,74;0,77
112,69;-1,06;0,53;-2,85;55,75;48,74;0,77
112,71;-1,06;0,53;-2,85;55,75;48,74;0,77
112,73;-1,06;0,53;-2,85;55,75;48,74;0,77
112,73;-1,06;0,53;-2,85;55,75;48,74;0,77
112,73;-0,89;1,26;1,66;55,75;48,74;0,77
112,75;-0,89;1,26;1,66;55,75;48,74;0,77
112,77;-0,89;1,26;1,66;55,75;48,74;0,77
112,79;1,03;1,53;2,43;55,75;48,74;0,77
112,79;1,03;1,53;2,43;55,75;48,74;0,77
112,79;1,03;1,53;2,43;55,75;48,74;0,77
112,81;1,03;1,53;2,43;55,75;48,74;0,77
112,83;1,03;1,53;2,43;55,75;48,74;0,77
112,85;1,03;1,53;2,43;55,75;48,74;0,77
112,87;1,03;1,53;2,43;55,75;48,74;0,77
112,87;1,03;1,53;2,43;55,75;48,74;0,77
112,87;2,72;1,20;2,39;55,75;48,74;0,77
112,89;2,72;1,20;2,39;55,75;48,74;0,77
112,90;2,72;1,20;2,39;55,75;48,74;0,77
112,92;2,72;1,20;2,39;55,75;48,74;0,77
112,93;2,72;1,20;2,39;55,75;48,74;0,77
112,93;1,87;0,19;0,98;55,75;48,74;0,77
112,94;1,87;0,19;0,98;55,75;48,74;0,77
112,96;1,87;0,19;0,98;55,75;48,74;0,77
112,98;1,87;0,19;0,98;55,75;48,74;1,19
113,00;1,87;0,19;0,98;55,75;48,74;1,19
113,00;-0,69;-2,95;2,28;55,75;48,74;1,19
113,01;-0,69;-2,95;2,28;55,75;48,74;1,19
113,02;-0,69;-2,95;2,28;55,75;48,74;1,19
113,04;-0,69;-2,95;2,28;55,75;48,74;1,19
113,06;-0,69;-2,95;2,28;55,75;48,74;1,19
113,06;1,64;-1,54;-0,34;55,75;48,74;1,19
113,06;1,64;-1,54;-0,34;55,75;48,74;1,19
113,08;1,64;-1,54;-0,34;55,75;48,74;1,19
113,10;1,64;-1,54;-0,34;55,75;48,74;1,19
113,12;1,64;-1,54;-0,34;55,75;48,74;1,19
113,12;1,64;-1,54;-0,34;55,75;48,74;1,19
113,12;-0,12;-0,80;-4,27;55,75;48,74;1,19
113,14;-0,12;-0,80;-4,27;55,75;48,74;1,19
113,16;-0,12;-0,80;-4,27;55,75;48,74;1,19
113,18;-0,12;-0,80;-4,27;55,75;48,74;1,19
113,20;-0,12;-0,80;-4,27;55,75;48,74;1,19
113,20;-0,12;-0,80;-4,27;55,75;48,74;1,19
113,20;-0,82;-0,61;-4,01;55,75;48,74;1,19
113,22;-0,82;-0,61;-4,01;55,75;48,74;1,19
113,24;-0,82;-0,61;-4,01;55,75;48,74;1,19
113,26;-0,82;-0,61;-4,01;55,75;48,74;1,19
113,26;-0,82;-0,61;-4,01;55,75;48,74;1,19
113,26;-0,62;0,04;-1,31;55,75;48,74;1,19
113,28;-0,62;0,04;-1,31;55,75;48,74;1,19
113,30;-0,62;0,04;-1,31;55,75;48,74;1,19
113,32;-0,62;0,04;-1,31;55,75;48,74;1,19
113,34;-0,62;0,04;-1,31;55,75;48,74;1,19
113,34;-0,62;0,04;-1,31;55,75;48,74;1,19
113,34;0,20;1,22;1,33;55,75;48,74;1,19
113,36;0,20;1,22;1,33;55,75;48,74;1,19
113,38;0,20;1,22;1,33;55,75;48,74;1,19
113,40;0,20;1,22;1,33;55,75;48,74;1,19
113,40;0,97;2,55;2,06;55,75;48,74;1,19
113,40;0,97;2,55;2,06;55,75;48,74;1,19
113,42;0,97;2,55;2,06;55,75;48,74;1,19
113,44;0,97;2,55;2,06;55,75;48,74;1,19
113,46;0,97;2,55;2,06;55,75;48,74;1,19
113,46;0,97;2,55;2,06;55,75;48,74;1,19
113,46;0,08;1,71;4,31;55,75;48,74;1,19
113,48;0,08;1,71;4,31;55,75;48,74;1,19
113,49;0,08;1,71;4,31;55,75;48,74;1,19
113,51;0,08;1,71;4,31;55,75;48,74;1,19
113,53;0,08;1,71;4,31;55,75;48,74;1,19
113,54;-0,69;-0,95;2,75;55,75;48,74;1,19
113,54;-0,69;-0,95;2,75;55,75;48,74;1,19
113,55;-0,69;-0,95;2,75;55,75;48,74;1,19
113,57;-0,69;-0,95;2,75;55,75;48,74;1,19
113,59;-0,69;-0,95;2,75;55,75;48,74;1,19
113,59;-0,69;-0,95;2,75;55,75;48,74;1,19
113,60;-1,50;-1,04;-1,19;55,75;48,74;1,19
113,61;-1,50;-1,04;-1,19;55,75;48,74;1,19
113,63;-1,50;-1,04;-1,19;55,75;48,74;1,19
113,65;-1,50;-1,04;-1,19;55,75;48,74;1,19
113,65;-1,50;-1,04;-1,19;55,75;48,74;1,19
113,65;-0,39;-1,70;-1,45;55,75;48,74;1,19
113,67;-0,39;-1,70;-1,45;55,75;48,74;1,19
113,69;-0,39;-1,70;-1,45;55,75;48,74;1,19
113,71;-0,39;-1,70;-1,45;55,75;48,74;1,19
113,73;-0,39;-1,70;-1,45;55,75;48,74;1,19
113,73;-0,39;-1,70;-1,45;55,75;48,74;1,19
113,73;-0,95;-1,50;-3,75;55,75;48,74;1,19
113,75;-0,95;-1,50;-3,75;55,75;48,74;1,19
113,77;-0,95;-1,50;-3,75;55,75;48,74;1,19
113,79;-0,95;-1,50;-3,75;55,75;48,74;1,19
113,79;-0,17;-0,58;-2,92;55,75;48,74;1,19
113,79;-0,17;-0,58;-2,92;55,75;48,74;1,19
113,81;-0,17;-0,58;-2,92;55,75;48,74;1,19
113,83;-0,17;-0,58;-2,92;55,75;48,74;1,19
113,85;-0,17;-0,58;-2,92;55,75;48,74;1,19
113,87;-0,17;-0,58;-2,92;55,75;48,74;1,19
113,87;-0,17;-0,58;-2,92;55,75;48,74;1,19
113,87;0,12;0,86;-0,30;55,75;48,74;1,19
113,89;0,12;0,86;-0,30;55,75;48,74;1,19
113,91;0,12;0,86;-0,30;55,75;48,74;1,19
113,93;0,12;0,86;-0,30;55,75;48,74;1,19
113,93;0,52;1,72;1,75;55,75;48,74;1,19
113,93;0,52;1,72;1,75;55,75;48,74;1,19
113,95;0,52;1,72;1,75;55,75;48,74;1,19
113,97;0,52;1,72;1,75;55,75;48,74;1,19
113,99;0,52;1,72;1,75;55,75;48,74;0,72
113,99;0,52;1,72;1,75;55,75;48,74;0,72
113,99;0,27;1,60;3,33;55,75;48,74;0,72
114,01;0,27;1,60;3,33;55,75;48,74;0,72
114,03;0,27;1,60;3,33;55,75;48,74;0,72
114,05;0,27;1,60;3,33;55,75;48,74;0,72
114,07;0,27;1,60;3,33;55,75;48,74;0,72
114,07;0,27;1,60;3,33;55,75;48,74;0,72
114,07;1,26;0,44;1,89;55,75;48,74;0,72
114,08;1,26;0,44;1,89;55,75;48,74;0,72
114,10;1,26;0,44;1,89;55,75;48,74;0,72
114,12;1,26;0,44;1,89;55,75;48,74;0,72
114,13;0,16;-1,32;0,49;55,75;48,74;0,72
114,13;0,16;-1,32;0,49;55,75;48,74;0,72
114,15;0,16;-1,32;0,49;55,75;48,74;0,72
114,16;0,16;-1,32;0,49;55,75;48,74;0,72
114,18;0,16;-1,32;0,49;55,75;48,74;0,72
114,20;0,16;-1,32;0,49;55,75;48,74;0,72
114,20;0,16;-1,32;0,49;55,75;48,74;0,72
114,21;1,38;-1,21;-0,49;55,75;48,74;0,72
114,22;1,38;-1,21;-0,49;55,75;48,74;0,72
114,24;1,38;-1,21;-0,49;55,75;48,74;0,72
114,26;1,38;-1,21;-0,49;55,75;48,74;0,72
114,26;1,38;-1,21;-0,49;55,75;48,74;0,72
114,26;-0,81;-0,83;-1,32;55,75;48,74;0,72
114,28;-0,81;-0,83;-1,32;55,75;48,74;0,72
114,30;-0,81;-0,83;-1,32;55,75;48,74;0,72
114,32;-0,81;-0,83;-1,32;55,75;48,74;0,72
114,32;-0,62;-0,66;-4,29;55,75;48,74;0,72
114,32;-0,62;-0,66;-4,29;55,75;48,74;0,72
114,34;-0,62;-0,66;-4,29;55,75;48,74;0,72
114,36;-0,62;-0,66;-4,29;55,75;48,74;0,72
114,38;-0,62;-0,66;-4,29;55,75;48,74;0,72
114,40;-0,62;-0,66;-4,29;55,75;48,74;0,72
114,40;-0,27;-0,25;-3,05;55,75;48,74;0,72
114,40;-0,27;-0,25;-3,05;55,75;48,74;0,72
114,42;-0,27;-0,25;-3,05;55,75;48,74;0,72
114,44;-0,27;-0,25;-3,05;55,75;48,74;0,72
114,46;-0,27;-0,25;-3,05;55,75;48,74;0,72
114,46;-0,27;-0,25;-3,05;55,75;48,74;0,72
114,46;-0,22;0,58;0,01;55,75;48,74;0,72
114,48;-0,22;0,58;0,01;55,75;48,74;0,72
114,50;-0,22;0,58;0,01;55,75;48,74;0,72
114,52;-0,22;0,58;0,01;55,75;48,74;0,72
114,54;-0,22;0,58;0,01;55,75;48,74;0,72
114,54;0,18;2,34;2,42;55,75;48,74;0,72
114,54;0,18;2,34;2,42;55,75;48,74;0,72
114,56;0,18;2,34;2,42;55,75;48,74;0,72
114,58;0,18;2,34;2,42;55,75;48,74;0,72
114,60;0,18;2,34;2,42;55,75;48,74;0,72
114,60;0,18;2,34;2,42;55,75;48,74;0,72
114,60;-0,02;2,29;4,77;55,75;48,74;0,72
114,62;-0,02;2,29;4,77;55,75;48,74;0,72
114,64;-0,02;2,29;4,77;55,75;48,74;0,72
114,66;-0,02;2,29;4,77;55,75;48,74;0,72
114,66;-1,30;-0,70;5,03;55,75;48,74;0,72
114,66;-1,30;-0,70;5,03;55,75;48,74;0,72
114,67;-1,30;-0,70;5,03;55,75;48,74;0,72
114,69;-1,30;-0,70;5,03;55,75;48,74;0,72
114,71;-1,30;-0,70;5,03;55,75;48,74;0,72
114,73;-1,30;-0,70;5,03;55,75;48,74;0,72
114,73;-1,30;-0,70;5,03;55,75;48,74;0,72
114,73;-0,60;-1,23;-1,25;55,75;48,74;0,72
114,75;-0,60;-1,23;-1,25;55,75;48,74;0,72
114,77;-0,60;-1,23;-1,25;55,75;48,74;0,72
114,79;-0,60;-1,23;-1,25;55,75;48,74;0,72
114,79;0,64;-1,57;-1,85;55,75;48,74;0,72
114,80;0,64;-1,57;-1,85;55,75;48,74;0,72
114,81;0,64;-1,57;-1,85;55,75;48,74;0,72
114,83;0,64;-1,57;-1,85;55,75;48,74;0,72
114,85;0,64;-1,57;-1,85;55,75;48,74;0,72
114,87;0,64;-1,57;-1,85;55,75;48,74;0,72
114,87;-0,97;-1,50;-2,73;55,75;48,74;0,72
114,87;-0,97;-1,50;-2,73;55,75;48,74;0,72
114,89;-0,97;-1,50;-2,73;55,75;48,74;0,72
114,91;-0,97;-1,50;-2,73;55,75;48,74;0,72
114,93;-0,97;-1,50;-2,73;55,75;48,74;0,72
114,93;-0,97;-1,50;-2,73;55,75;48,74;0,72
114,93;0,17;-0,73;-3,40;55,75;48,74;0,72
114,95;0,17;-0,73;-3,40;55,75;48,74;0,72
114,97;0,17;-0,73;-3,40;55,75;48,74;0,72
114,99;0,17;-0,73;-3,40;55,75;48,74;1,15
114,99;0,17;-0,73;-3,40;55,75;48,74;1,15
114,99;0,10;0,12;-1,20;55,75;48,74;1,15
115,01;0,10;0,12;-1,20;55,75;48,74;1,15
115,03;0,10;0,12;-1,20;55,75;48,74;1,15
115,05;0,10;0,12;-1,20;55,75;48,74;1,15
115,07;0,10;0,12;-1,20;55,75;48,74;1,15
115,07;0,45;0,70;2,07;55,75;48,74;1,15
115,07;0,45;0,70;2,07;55,75;48,74;1,15
115,09;0,45;0,70;2,07;55,75;48,74;1,15
115,11;0,45;0,70;2,07;55,75;48,74;1,15
115,13;0,45;0,70;2,07;55,75;48,74;1,15
115,13;0,72;1,57;2,22;55,75;48,74;1,15
115,13;0,72;1,57;2,22;55,75;48,74;1,15
115,15;0,72;1,57;2,22;55,75;48,74;1,15
115,17;0,72;1,57;2,22;55,75;48,74;1,15
115,19;0,72;1,57;2,22;55,75;48,74;1,15
115,19;2,05;0,47;2,65;55,75;48,74;1,15
115,19;2,05;0,47;2,65;55,75;48,74;1,15
115,21;2,05;0,47;2,65;55,75;48,74;1,15
115,22;2,05;0,47;2,65;55,75;48,74;1,15
115,24;2,05;0,47;2,65;55,75;48,74;1,15
115,26;2,05;0,47;2,65;55,75;48,74;1,15
115,26;2,05;0,47;2,65;55,75;48,74;1,15
115,27;0,60;-1,55;2,26;55,75;48,74;1,15
115,28;0,60;-1,55;2,26;55,75;48,74;1,15
115,30;0,60;-1,55;2,26;55,75;48,74;1,15
115,32;0,60;-1,55;2,26;55,75;48,74;1,15
115,33;0,60;-1,55;2,26;55,75;48,74;1,15
115,33;1,82;-1,07;-0,98;55,75;48,74;1,15
115,34;1,82;-1,07;-0,98;55,75;48,74;1,15
115,36;1,82;-1,07;-0,98;55,75;48,74;1,15
115,38;1,82;-1,07;-0,98;55,75;48,74;1,15
115,40;1,82;-1,07;-0,98;55,75;48,74;1,15
115,40;-0,24;-1,22;-2,91;55,75;48,74;1,15
115,41;-0,24;-1,22;-2,91;55,75;48,74;1,15
115,42;-0,24;-1,22;-2,91;55,75;48,74;1,15
115,44;-0,24;-1,22;-2,91;55,75;48,74;1,15
115,46;-0,24;-1,22;-2,91;55,75;48,74;1,15
115,46;-1,01;-0,95;-4,30;55,75;48,74;1,15
115,46;-1,01;-0,95;-4,30;55,75;48,74;1,15
115,48;-1,01;-0,95;-4,30;55,75;48,74;1,15
115,50;-1,01;-0,95;-4,30;55,75;48,74;1,15
115,52;-1,01;-0,95;-4,30;55,75;48,74;1,15
115,52;-0,24;-0,13;-2,01;55,75;48,74;1,15
115,53;-0,24;-0,13;-2,01;55,75;48,74;1,15
115,54;-0,24;-0,13;-2,01;55,75;48,74;1,15
115,56;-0,24;-0,13;-2,01;55,75;48,74;1,15
115,58;-0,24;-0,13;-2,01;55,75;48,74;1,15
115,60;-0,24;-0,13;-2,01;55,75;48,74;1,15
115,60;-0,71;1,21;0,32;55,75;48,74;1,15
115,60;-0,71;1,21;0,32;55,75;48,74;1,15
115,62;-0,71;1,21;0,32;55,75;48,74;1,15
115,64;-0,71;1,21;0,32;55,75;48,74;1,15
115,66;-0,71;1,21;0,32;55,75;48,74;1,15
115,66;-0,71;1,21;0,32;55,75;48,74;1,15
115,66;-0,54;2,75;2,59;55,75;48,74;1,15
115,68;-0,54;2,75;2,59;55,75;48,74;1,15
115,70;-0,54;2,75;2,59;55,75;48,74;1,15
115,72;-0,54;2,75;2,59;55,75;48,74;1,15
115,74;-0,54;2,75;2,59;55,75;48,74;1,15
115,74;-0,54;2,75;2,59;55,75;48,74;1,15
115,74;-1,33;1,77;6,02;55,75;48,74;1,15
115,76;-1,33;1,77;6,02;55,75;48,74;1,15
115,78;-1,33;1,77;6,02;55,75;48,74;1,15
115,80;-1,33;1,77;6,02;55,75;48,74;1,15
115,80;-1,61;-1,12;3,34;55,75;48,74;1,15
115,80;-1,61;-1,12;3,34;55,75;48,74;1,15
115,82;-1,61;-1,12;3,34;55,75;48,74;1,15
115,84;-1,61;-1,12;3,34;55,75;48,74;1,15
115,85;-1,61;-1,12;3,34;55,75;48,74;1,15
115,86;-0,73;-1,37;-2,03;55,75;48,74;1,15
115,86;-0,73;-1,37;-2,03;55,75;48,74;1,15
115,87;-0,73;-1,37;-2,03;55,75;48,74;1,15
115,89;-0,73;-1,37;-2,03;55,75;48,74;1,15
115,91;-0,73;-1,37;-2,03;55,75;48,74;1,15
115,93;-0,73;-1,37;-2,03;55,75;48,74;1,15
115,93;-0,81;-1,70;-2,19;55,75;48,74;1,15
115,94;-0,81;-1,70;-2,19;55,75;48,74;1,15
115,96;-0,81;-1,70;-2,19;55,75;48,74;1,15
115,97;-0,81;-1,70;-2,19;55,75;48,74;1,15
115,99;-0,81;-1,70;-2,19;55,75;48,74;1,21
115,99;-0,81;-1,70;-2,19;55,75;48,74;1,21
115,99;-0,35;-1,62;-3,02;55,75;48,74;1,21
116,01;-0,35;-1,62;-3,02;55,75;48,74;1,21
116,03;-0,35;-1,62;-3,02;55,75;48,74;1,21
116,05;-0,35;-1,62;-3,02;55,75;48,74;1,21
116,07;-0,35;-1,62;-3,02;55,75;48,74;1,21
116,07;-0,35;-1,62;-3,02;55,75;48,74;1,21
116,07;-0,19;-0,68;-3,52;55,75;48,74;1,21
116,09;-0,19;-0,68;-3,52;55,75;48,74;1,21
116,11;-0,19;-0,68;-3,52;55,75;48,74;1,21
116,13;-0,19;-0,68;-3,52;55,75;48,74;1,21
116,13;-0,19;-0,68;-3,52;55,75;48,74;1,21
116,13;0,39;0,66;-0,90;55,75;48,74;1,21
116,15;0,39;0,66;-0,90;55,75;48,74;1,21
116,17;0,39;0,66;-0,90;55,75;48,74;1,21
116,19;0,39;0,66;-0,90;55,75;48,74;1,21
116,19;0,39;0,66;-0,90;55,75;48,74;1,21
116,19;0,92;1,81;2,38;55,75;48,74;1,21
116,21;0,92;1,81;2,38;55,75;48,74;1,21
116,23;0,92;1,81;2,38;55,75;48,74;1,21
116,25;0,92;1,81;2,38;55,75;48,74;1,21
116,27;0,92;1,81;2,38;55,75;48,74;1,21
116,27;0,92;1,81;2,38;55,75;48,74;1,21
116,27;0,89;1,85;3,48;55,75;48,74;1,21
116,29;0,89;1,85;3,48;55,75;48,74;1,21
116,31;0,89;1,85;3,48;55,75;48,74;1,21
116,33;0,89;1,85;3,48;55,75;48,74;1,21
116,33;0,89;1,85;3,48;55,75;48,74;1,21
116,33;1,29;0,08;2,78;55,75;48,74;1,21
116,35;1,29;0,08;2,78;55,75;48,74;1,21
116,37;1,29;0,08;2,78;55,75;48,74;1,21
116,39;1,29;0,08;2,78;55,75;48,74;1,21
116,39;1,29;0,08;2,78;55,75;48,74;1,21
116,39;-0,42;-2,30;2,42;55,75;48,74;1,21
116,41;-0,42;-2,30;2,42;55,75;48,74;1,21
116,42;-0,42;-2,30;2,42;55,75;48,74;1,21
116,45;-0,42;-2,30;2,42;55,75;48,74;1,21
116,46;-0,42;-2,30;2,42;55,75;48,74;1,21
116,47;1,58;-1,31;-1,10;55,75;48,74;1,21
116,47;1,58;-1,31;-1,10;55,75;48,74;1,21
116,48;1,58;-1,31;-1,10;55,75;48,74;1,21
116,50;1,58;-1,31;-1,10;55,75;48,74;1,21
116,52;1,58;-1,31;-1,10;55,75;48,74;1,21
116,53;-0,36;-0,82;-4,17;55,75;48,74;1,21
116,53;-0,36;-0,82;-4,17;55,75;48,74;1,21
116,54;-0,36;-0,82;-4,17;55,75;48,74;1,21
116,56;-0,36;-0,82;-4,17;55,75;48,74;1,21
116,58;-0,36;-0,82;-4,17;55,75;48,74;1,21
116,60;-0,36;-0,82;-4,17;55,75;48,74;1,21
116,60;-0,36;-0,82;-4,17;55,75;48,74;1,21
116,61;-0,71;-0,51;-3,58;55,75;48,74;1,21
116,62;-0,71;-0,51;-3,58;55,75;48,74;1,21
116,64;-0,71;-0,51;-3,58;55,75;48,74;1,21
116,66;-0,71;-0,51;-3,58;55,75;48,74;1,21
116,66;-0,71;-0,51;-3,58;55,75;48,74;1,21
116,66;-0,39;-0,09;-2,37;55,75;48,74;1,21
116,68;-0,39;-0,09;-2,37;55,75;48,74;1,21
116,70;-0,39;-0,09;-2,37;55,75;48,74;1,21
116,72;-0,39;-0,09;-2,37;55,75;48,74;1,21
116,72;-0,39;-0,09;-2,37;55,75;48,74;1,21
116,72;-0,66;0,91;0,43;55,75;48,74;1,21
116,74;-0,66;0,91;0,43;55,75;48,74;1,21
116,76;-0,66;0,91;0,43;55,75;48,74;1,21
116,78;-0,66;0,91;0,43;55,75;48,74;1,21
116,80;-0,66;0,91;0,43;55,75;48,74;1,21
116,80;-0,66;0,91;0,43;55,75;48,74;1,21
116,80;-0,44;2,34;3,41;55,75;48,74;1,21
116,82;-0,44;2,34;3,41;55,75;48,74;1,21
116,84;-0,44;2,34;3,41;55,75;48,74;1,21
116,86;-0,44;2,34;3,41;55,75;48,74;1,21
116,86;-1,06;1,68;5,43;55,75;48,74;1,21
116,86;-1,06;1,68;5,43;55,75;48,74;1,21
116,88;-1,06;1,68;5,43;55,75;48,74;1,21
116,90;-1,06;1,68;5,43;55,75;48,74;1,21
116,92;-1,06;1,68;5,43;55,75;48,74;1,21
116,94;-1,06;1,68;5,43;55,75;48,74;1,21
116,94;-1,06;1,68;5,43;55,75;48,74;1,21
116,94;-1,80;-1,04;1,78;55,75;48,74;1,21
116,96;-1,80;-1,04;1,78;55,75;48,74;1,21
116,98;-1,80;-1,04;1,78;55,75;48,74;1,21
117,00;-1,80;-1,04;1,78;55,75;48,74;1,23
117,00;-0,69;-1,01;-2,12;55,75;48,74;1,23
117,00;-0,69;-1,01;-2,12;55,75;48,74;1,23
117,02;-0,69;-1,01;-2,12;55,75;48,74;1,23
117,04;-0,69;-1,01;-2,12;55,75;48,74;1,23
117,06;-0,69;-1,01;-2,12;55,75;48,74;1,23
117,06;-0,69;-1,01;-2,12;55,75;48,74;1,23
117,06;0,26;-1,55;-1,30;55,75;48,74;1,23
117,07;0,26;-1,55;-1,30;55,75;48,74;1,23
117,09;0,26;-1,55;-1,30;55,75;48,74;1,23
117,11;0,26;-1,55;-1,30;55,75;48,74;1,23
117,13;0,26;-1,55;-1,30;55,75;48,74;1,23
117,14;-0,03;-1,32;-3,10;55,75;48,74;1,23
117,14;-0,03;-1,32;-3,10;55,75;48,74;1,23
117,15;-0,03;-1,32;-3,10;55,75;48,74;1,23
117,17;-0,03;-1,32;-3,10;55,75;48,74;1,23
117,19;-0,03;-1,32;-3,10;55,75;48,74;1,23
117,19;0,08;-0,69;-2,35;55,75;48,74;1,23
117,19;0,08;-0,69;-2,35;55,75;48,74;1,23
117,21;0,08;-0,69;-2,35;55,75;48,74;1,23
117,23;0,08;-0,69;-2,35;55,75;48,74;1,23
117,25;0,08;-0,69;-2,35;55,75;48,74;1,23
117,27;0,08;-0,69;-2,35;55,75;48,74;1,23
117,27;0,36;0,88;-1,45;55,75;48,74;1,23
117,27;0,36;0,88;-1,45;55,75;48,74;1,23
117,29;0,36;0,88;-1,45;55,75;48,74;1,23
117,31;0,36;0,88;-1,45;55,75;48,74;1,23
117,33;0,36;0,88;-1,45;55,75;48,74;1,23
117,33;0,31;1,22;2,95;55,75;48,74;1,23
117,33;0,31;1,22;2,95;55,75;48,74;1,23
117,35;0,31;1,22;2,95;55,75;48,74;1,23
117,37;0,31;1,22;2,95;55,75;48,74;1,23
117,39;0,31;1,22;2,95;55,75;48,74;1,23
117,39;0,31;1,22;2,95;55,75;48,74;1,23
117,39;1,02;1,68;3,33;55,75;48,74;1,23
117,41;1,02;1,68;3,33;55,75;48,74;1,23
117,43;1,02;1,68;3,33;55,75;48,74;1,23
117,45;1,02;1,68;3,33;55,75;48,74;1,23
117,47;1,02;1,68;3,33;55,75;48,74;1,23
117,47;1,02;1,68;3,33;55,75;48,74;1,23
117,47;0,67;-0,02;2,11;55,75;48,74;1,23
117,49;0,67;-0,02;2,11;55,75;48,74;1,23
117,51;0,67;-0,02;2,11;55,75;48,74;1,23
117,53;0,67;-0,02;2,11;55,75;48,74;1,23
117,53;0,67;-0,02;2,11;55,75;48,74;1,23
117,53;0,86;-1,67;1,70;55,75;48,74;1,23
117,55;0,86;-1,67;1,70;55,75;48,74;1,23
117,57;0,86;-1,67;1,70;55,75;48,74;1,23
117,59;0,86;-1,67;1,70;55,75;48,74;1,23
117,59;0,86;-1,67;1,70;55,75;48,74;1,23
117,59;2,42;-0,82;-0,26;55,75;48,74;1,23
117,61;2,42;-0,82;-0,26;55,75;48,74;1,23
117,62;2,42;-0,82;-0,26;55,75;48,74;1,23
117,64;2,42;-0,82;-0,26;55,75;48,74;1,23
117,66;2,42;-0,82;-0,26;55,75;48,74;1,23
117,67;-0,44;-1,06;-3,55;55,75;48,74;1,23
117,67;-0,44;-1,06;-3,55;55,75;48,74;1,23
117,68;-0,44;-1,06;-3,55;55,75;48,74;1,23
117,70;-0,44;-1,06;-3,55;55,75;48,74;1,23
117,72;-0,44;-1,06;-3,55;55,75;48,74;1,23
117,72;-0,44;-1,06;-3,55;55,75;48,74;1,23
117,73;0,00;-1,17;-4,56;55,75;48,74;1,23
117,74;0,00;-1,17;-4,56;55,75;48,74;1,23
117,76;0,00;-1,17;-4,56;55,75;48,74;1,23
117,78;0,00;-1,17;-4,56;55,75;48,74;1,23
117,80;0,00;-1,17;-4,56;55,75;48,74;1,23
117,80;0,00;-1,17;-4,56;55,75;48,74;1,23
117,81;-0,19;-0,56;-2,91;55,75;48,74;1,23
117,82;-0,19;-0,56;-2,91;55,75;48,74;1,23
117,84;-0,19;-0,56;-2,91;55,75;48,74;1,23
117,86;-0,19;-0,56;-2,91;55,75;48,74;1,23
117,86;0,19;1,03;1,46;55,75;48,74;1,23
117,86;0,19;1,03;1,46;55,75;48,74;1,23
117,88;0,19;1,03;1,46;55,75;48,74;1,23
117,90;0,19;1,03;1,46;55,75;48,74;1,23
117,92;0,19;1,03;1,46;55,75;48,74;1,23
117,92;0,19;1,03;1,46;55,75;48,74;1,23
117,92;-0,20;2,26;3,33;55,75;48,74;1,23
117,94;-0,20;2,26;3,33;55,75;48,74;1,23
117,96;-0,20;2,26;3,33;55,75;48,74;1,23
117,98;-0,20;2,26;3,33;55,75;48,74;1,23
118,00;-0,20;2,26;3,33;55,75;48,74;1,08
118,00;-0,45;1,90;4,81;55,75;48,74;1,08
118,00;-0,45;1,90;4,81;55,75;48,74;1,08
118,02;-0,45;1,90;4,81;55,75;48,74;1,08
118,04;-0,45;1,90;4,81;55,75;48,74;1,08
118,06;-0,45;1,90;4,81;55,75;48,74;1,08
118,06;-0,45;1,90;4,81;55,75;48,74;1,08
118,06;-1,33;-0,06;1,38;55,75;48,74;1,08
118,08;-1,33;-0,06;1,38;55,75;48,74;1,08
118,10;-1,33;-0,06;1,38;55,75;48,74;1,08
118,12;-1,33;-0,06;1,38;55,75;48,74;1,08
118,14;0,00;-1,70;1,41;55,75;48,74;1,08
118,14;0,00;-1,70;1,41;55,75;48,74;1,08
118,14;0,00;-1,70;1,41;55,75;48,74;1,08
118,16;0,00;-1,70;1,41;55,75;48,74;1,08
118,18;0,00;-1,70;1,41;55,75;48,74;1,08
118,20;0,00;-1,70;1,41;55,75;48,74;1,08
118,20;-0,12;-2,18;-2,41;55,75;48,74;1,08
118,20;-0,12;-2,18;-2,41;55,75;48,74;1,08
118,22;-0,12;-2,18;-2,41;55,75;48,74;1,08
118,23;-0,12;-2,18;-2,41;55,75;48,74;1,08
118,26;-0,12;-2,18;-2,41;55,75;48,74;1,08
118,26;-0,12;-2,18;-2,41;55,75;48,74;1,08
118,26;-0,20;-1,04;-5,27;55,75;48,74;1,08
118,27;-0,20;-1,04;-5,27;55,75;48,74;1,08
118,29;-0,20;-1,04;-5,27;55,75;48,74;1,08
118,31;-0,20;-1,04;-5,27;55,75;48,74;1,08
118,33;-0,20;-1,04;-5,27;55,75;48,74;1,08
118,33;-0,20;-1,04;-5,27;55,75;48,74;1,08
118,34;-0,48;-0,03;-2,54;55,75;48,74;1,08
118,35;-0,48;-0,03;-2,54;55,75;48,74;1,08
118,37;-0,48;-0,03;-2,54;55,75;48,74;1,08
118,39;-0,48;-0,03;-2,54;55,75;48,74;1,08
118,39;-0,04;0,83;0,17;55,75;48,74;1,08
118,39;-0,04;0,83;0,17;55,75;48,74;1,08
118,41;-0,04;0,83;0,17;55,75;48,74;1,08
118,43;-0,04;0,83;0,17;55,75;48,74;1,08
118,45;-0,04;0,83;0,17;55,75;48,74;1,08
118,47;-0,04;0,83;0,17;55,75;48,74;1,08
118,47;0,40;1,35;1,74;55,75;48,74;1,08
118,47;0,40;1,35;1,74;55,75;48,74;1,08
118,49;0,40;1,35;1,74;55,75;48,74;1,08
118,51;0,40;1,35;1,74;55,75;48,74;1,08
118,53;0,40;1,35;1,74;55,75;48,74;1,08
118,53;0,38;1,61;3,34;55,75;48,74;1,08
118,53;0,38;1,61;3,34;55,75;48,74;1,08
118,55;0,38;1,61;3,34;55,75;48,74;1,08
118,57;0,38;1,61;3,34;55,75;48,74;1,08
118,59;0,38;1,61;3,34;55,75;48,74;1,08
118,59;0,38;1,61;3,34;55,75;48,74;1,08
118,59;0,60;-0,30;4,21;55,75;48,74;1,08
118,61;0,60;-0,30;4,21;55,75;48,74;1,08
118,63;0,60;-0,30;4,21;55,75;48,74;1,08
118,65;0,60;-0,30;4,21;55,75;48,74;1,08
118,67;0,60;-0,30;4,21;55,75;48,74;1,08
118,67;0,78;-1,72;0,65;55,75;48,74;1,08
118,67;0,78;-1,72;0,65;55,75;48,74;1,08
118,69;0,78;-1,72;0,65;55,75;48,74;1,08
118,71;0,78;-1,72;0,65;55,75;48,74;1,08
118,73;0,78;-1,72;0,65;55,75;48,74;1,08
118,73;0,78;-1,72;0,65;55,75;48,74;1,08
118,73;1,67;-1,87;-1,10;55,75;48,74;1,08
118,75;1,67;-1,87;-1,10;55,75;48,74;1,08
118,77;1,67;-1,87;-1,10;55,75;48,74;1,08
118,79;1,67;-1,87;-1,10;55,75;48,74;1,08
118,81;1,67;-1,87;-1,10;55,75;48,74;1,08
118,81;1,67;-1,87;-1,10;55,75;48,74;1,08
118,81;-1,31;-1,20;-4,71;55,75;48,74;1,08
118,82;-1,31;-1,20;-4,71;55,75;48,74;1,08
118,84;-1,31;-1,20;-4,71;55,75;48,74;1,08
118,86;-1,31;-1,20;-4,71;55,75;48,74;1,08
118,87;-1,31;-1,20;-4,71;55,75;48,74;1,08
118,87;-1,07;-0,58;-4,08;55,75;48,74;1,08
118,88;-1,07;-0,58;-4,08;55,75;48,74;1,08
118,90;-1,07;-0,58;-4,08;55,75;48,74;1,08
118,92;-1,07;-0,58;-4,08;55,75;48,74;1,08
118,92;-1,07;-0,58;-4,08;55,75;48,74;1,08
118,92;-0,25;0,47;-1,55;55,75;48,74;1,08
118,94;-0,25;0,47;-1,55;55,75;48,74;1,08
118,96;-0,25;0,47;-1,55;55,75;48,74;1,08
118,98;-0,25;0,47;-1,55;55,75;48,74;1,10
119,00;-0,25;0,47;-1,55;55,75;48,74;1,10
119,00;-0,24;1,69;1,24;55,75;48,74;1,10
119,00;-0,24;1,69;1,24;55,75;48,74;1,10
119,02;-0,24;1,69;1,24;55,75;48,74;1,10
119,04;-0,24;1,69;1,24;55,75;48,74;1,10
119,06;-0,24;1,69;1,24;55,75;48,74;1,10
119,06;-0,24;1,69;1,24;55,75;48,74;1,10
119,06;-0,49;1,92;2,70;55,75;48,74;1,10
119,08;-0,49;1,92;2,70;55,75;48,74;1,10
119,10;-0,49;1,92;2,70;55,75;48,74;1,10
119,12;-0,49;1,92;2,70;55,75;48,74;1,10
119,12;-0,49;1,92;2,70;55,75;48,74;1,10
119,12;-0,62;1,14;5,21;55,75;48,74;1,10
119,14;-0,62;1,14;5,21;55,75;48,74;1,10
119,16;-0,62;1,14;5,21;55,75;48,74;1,10
119,18;-0,62;1,14;5,21;55,75;48,74;1,10
119,20;-0,62;1,14;5,21;55,75;48,74;1,10
119,20;-1,45;-0,73;1,90;55,75;48,74;1,10
119,20;-1,45;-0,73;1,90;55,75;48,74;1,10
119,22;-1,45;-0,73;1,90;55,75;48,74;1,10
119,24;-1,45;-0,73;1,90;55,75;48,74;1,10
119,26;-1,45;-0,73;1,90;55,75;48,74;1,10
119,26;-0,57;-1,05;-1,31;55,75;48,74;1,10
119,26;-0,57;-1,05;-1,31;55,75;48,74;1,10
119,28;-0,57;-1,05;-1,31;55,75;48,74;1,10
119,30;-0,57;-1,05;-1,31;55,75;48,74;1,10
119,32;-0,57;-1,05;-1,31;55,75;48,74;1,10
119,34;-0,57;-1,05;-1,31;55,75;48,74;1,10
119,34;-0,57;-1,05;-1,31;55,75;48,74;1,10
119,34;0,05;-1,24;-1,78;55,75;48,74;1,10
119,36;0,05;-1,24;-1,78;55,75;48,74;1,10
119,38;0,05;-1,24;-1,78;55,75;48,74;1,10
119,39;0,05;-1,24;-1,78;55,75;48,74;1,10
119,40;0,05;-1,24;-1,78;55,75;48,74;1,10
119,40;-0,26;-0,80;-3,25;55,75;48,74;1,10
119,42;-0,26;-0,80;-3,25;55,75;48,74;1,10
119,43;-0,26;-0,80;-3,25;55,75;48,74;1,10
119,45;-0,26;-0,80;-3,25;55,75;48,74;1,10
119,46;-0,26;-0,80;-3,25;55,75;48,74;1,10
119,46;-0,45;-0,25;-1,93;55,75;48,74;1,10
119,47;-0,45;-0,25;-1,93;55,75;48,74;1,10
119,49;-0,45;-0,25;-1,93;55,75;48,74;1,10
119,51;-0,45;-0,25;-1,93;55,75;48,74;1,10
119,53;-0,45;-0,25;-1,93;55,75;48,74;1,10
119,54;-0,45;-0,25;-1,93;55,75;48,74;1,10
119,54;0,10;0,33;0,22;55,75;48,74;1,10
119,55;0,10;0,33;0,22;55,75;48,74;1,10
119,57;0,10;0,33;0,22;55,75;48,74;1,10
119,59;0,10;0,33;0,22;55,75;48,74;1,10
119,59;0,26;1,06;1,36;55,75;48,74;1,10
119,59;0,26;1,06;1,36;55,75;48,74;1,10
119,61;0,26;1,06;1,36;55,75;48,74;1,10
119,63;0,26;1,06;1,36;55,75;48,74;1,10
119,65;0,26;1,06;1,36;55,75;48,74;1,10
119,67;0,26;1,06;1,36;55,75;48,74;1,10
119,67;0,26;1,06;1,36;55,75;48,74;1,10
119,67;0,70;1,37;2,58;55,75;48,74;1,10
119,69;0,70;1,37;2,58;55,75;48,74;1,10
119,71;0,70;1,37;2,58;55,75;48,74;1,10
119,73;0,70;1,37;2,58;55,75;48,74;1,10
119,73;1,82;-0,10;2,88;55,75;48,74;1,10
119,73;1,82;-0,10;2,88;55,75;48,74;1,10
119,75;1,82;-0,10;2,88;55,75;48,74;1,10
119,77;1,82;-0,10;2,88;55,75;48,74;1,10
119,79;1,82;-0,10;2,88;55,75;48,74;1,10
119,79;1,34;-2,07;0,23;55,75;48,74;1,10
119,79;1,34;-2,07;0,23;55,75;48,74;1,10
119,81;1,34;-2,07;0,23;55,75;48,74;1,10
119,83;1,34;-2,07;0,23;55,75;48,74;1,10
119,85;1,34;-2,07;0,23;55,75;48,74;1,10
119,87;1,34;-2,07;0,23;55,75;48,74;1,10
119,87;1,34;-2,07;0,23;55,75;48,74;1,10
119,87;2,19;-1,42;-2,16;55,75;48,74;1,10
119,89;2,19;-1,42;-2,16;55,75;48,74;1,10
119,91;2,19;-1,42;-2,16;55,75;48,74;1,10
119,93;2,19;-1,42;-2,16;55,75;48,74;1,10
119,93;2,19;-1,42;-2,16;55,75;48,74;1,10
119,93;-1,12;-0,89;-1,66;55,75;48,74;1,10
119,94;-1,12;-0,89;-1,66;55,75;48,74;1,10
119,96;-1,12;-0,89;-1,66;55,75;48,74;1,10
119,98;-1,12;-0,89;-1,66;55,75;48,74;0,43
120,00;-1,12;-0,89;-1,66;55,75;48,74;0,43
120,00;-1,12;-0,89;-1,66;55,75;48,74;0,43
120,01;-1,08;-0,37;-2,26;55,75;48,74;0,43
120,02;-1,08;-0,37;-2,26;55,75;48,74;0,43
120,04;-1,08;-0,37;-2,26;55,75;48,74;0,43
120,06;-1,08;-0,37;-2,26;55,75;48,74;0,43
120,06;-1,08;-0,37;-2,26;55,75;48,74;0,43
120,06;-1,44;0,18;-1,60;55,75;48,74;0,43
120,08;-1,44;0,18;-1,60;55,75;48,74;0,43
120,10;-1,44;0,18;-1,60;55,75;48,74;0,43
120,12;-1,44;0,18;-1,60;55,75;48,74;0,43
120,12;-0,32;1,00;-0,03;55,75;48,74;0,43
120,12;-0,32;1,00;-0,03;55,75;48,74;0,43
120,14;-0,32;1,00;-0,03;55,75;48,74;0,43
120,16;-0,32;1,00;-0,03;55,75;48,74;0,43
120,18;-0,32;1,00;-0,03;55,75;48,74;0,43
120,20;-0,32;1,00;-0,03;55,75;48,74;0,43
120,20;-0,32;1,00;-0,03;55,75;48,74;0,43
120,20;-0,19;1,58;0,94;55,75;48,74;0,43
120,22;-0,19;1,58;0,94;55,75;48,74;0,43
120,24;-0,19;1,58;0,94;55,75;48,74;0,43
120,26;-0,19;1,58;0,94;55,75;48,74;0,43
120,26;-0,68;1,67;2,83;55,75;48,74;0,43
120,26;-0,68;1,67;2,83;55,75;48,74;0,43
120,28;-0,68;1,67;2,83;55,75;48,74;0,43
120,30;-0,68;1,67;2,83;55,75;48,74;0,43
120,32;-0,68;1,67;2,83;55,75;48,74;0,43
120,32;-0,68;1,67;2,83;55,75;48,74;0,43
120,32;-2,32;0,27;1,68;55,75;48,74;0,43
120,34;-2,32;0,27;1,68;55,75;48,74;0,43
120,36;-2,32;0,27;1,68;55,75;48,74;0,43
120,38;-2,32;0,27;1,68;55,75;48,74;0,43
120,40;-2,32;0,27;1,68;55,75;48,74;0,43
120,40;-2,32;0,27;1,68;55,75;48,74;0,43
120,40;-0,71;-1,04;1,57;55,75;48,74;0,43
120,42;-0,71;-1,04;1,57;55,75;48,74;0,43
120,44;-0,71;-1,04;1,57;55,75;48,74;0,43
120,46;-0,71;-1,04;1,57;55,75;48,74;0,43
120,46;0,17;-1,08;0,41;55,75;48,74;0,43
120,46;0,17;-1,08;0,41;55,75;48,74;0,43
120,48;0,17;-1,08;0,41;55,75;48,74;0,43
120,50;0,17;-1,08;0,41;55,75;48,74;0,43
120,52;0,17;-1,08;0,41;55,75;48,74;0,43
120,53;0,17;-1,08;0,41;55,75;48,74;0,43
120,54;0,17;-1,08;0,41;55,75;48,74;0,43
120,54;-0,69;-1,22;-2,72;55,75;48,74;0,43
120,55;-0,69;-1,22;-2,72;55,75;48,74;0,43
120,57;-0,69;-1,22;-2,72;55,75;48,74;0,43
120,59;-0,69;-1,22;-2,72;55,75;48,74;0,43
120,60;-0,33;-0,38;-3,68;55,75;48,74;0,43
120,60;-0,33;-0,38;-3,68;55,75;48,74;0,43
120,61;-0,33;-0,38;-3,68;55,75;48,74;0,43
120,63;-0,33;-0,38;-3,68;55,75;48,74;0,43
120,65;-0,33;-0,38;-3,68;55,75;48,74;0,43
120,65;-0,33;-0,38;-3,68;55,75;48,74;0,43
120,65;0,19;0,03;0,11;55,75;48,74;0,43
120,67;0,19;0,03;0,11;55,75;48,74;0,43
120,69;0,19;0,03;0,11;55,75;48,74;0,43
120,71;0,19;0,03;0,11;55,75;48,74;0,43
120,73;0,19;0,03;0,11;55,75;48,74;0,43
120,73;0,19;0,03;0,11;55,75;48,74;0,43
120,73;0,82;0,66;0,94;55,75;48,74;0,43
120,75;0,82;0,66;0,94;55,75;48,74;0,43
120,77;0,82;0,66;0,94;55,75;48,74;0,43
120,79;0,82;0,66;0,94;55,75;48,74;0,43
120,79;0,82;0,66;0,94;55,75;48,74;0,43
120,79;0,58;1,05;1,76;55,75;48,74;0,43
120,81;0,58;1,05;1,76;55,75;48,74;0,43
120,83;0,58;1,05;1,76;55,75;48,74;0,43
120,85;0,58;1,05;1,76;55,75;48,74;0,43
120,87;0,58;1,05;1,76;55,75;48,74;0,43
120,87;0,58;1,05;1,76;55,75;48,74;0,43
120,87;0,79;0,80;1,61;55,75;48,74;0,43
120,89;0,79;0,80;1,61;55,75;48,74;0,43
120,91;0,79;0,80;1,61;55,75;48,74;0,43
120,93;0,79;0,80;1,61;55,75;48,74;0,43
120,93;0,79;0,80;1,61;55,75;48,74;0,43
120,93;0,85;-1,01;2,41;55,75;48,74;0,43
120,95;0,85;-1,01;2,41;55,75;48,74;0,43
120,97;0,85;-1,01;2,41;55,75;48,74;0,43
120,99;0,85;-1,01;2,41;55,75;48,74;0,43
120,99;1,63;-1,30;-0,73;55,75;48,74;0,91
120,99;1,63;-1,30;-0,73;55,75;48,74;0,91
121,01;1,63;-1,30;-0,73;55,75;48,74;0,91
121,03;1,63;-1,30;-0,73;55,75;48,74;0,91
121,05;1,63;-1,30;-0,73;55,75;48,74;0,91
121,07;1,63;-1,30;-0,73;55,75;48,74;0,91
121,07;1,63;-1,30;-0,73;55,75;48,74;0,91
121,07;-0,04;-1,20;-2,42;55,75;48,74;0,91
121,09;-0,04;-1,20;-2,42;55,75;48,74;0,91
121,11;-0,04;-1,20;-2,42;55,75;48,74;0,91
121,13;-0,04;-1,20;-2,42;55,75;48,74;0,91
121,13;-1,43;-0,48;-4,06;55,75;48,74;0,91
121,13;-1,43;-0,48;-4,06;55,75;48,74;0,91
121,14;-1,43;-0,48;-4,06;55,75;48,74;0,91
121,16;-1,43;-0,48;-4,06;55,75;48,74;0,91
121,18;-1,43;-0,48;-4,06;55,75;48,74;0,91
121,20;-1,43;-0,48;-4,06;55,75;48,74;0,91
121,21;-0,69;0,25;-2,11;55,75;48,74;0,91
121,21;-0,69;0,25;-2,11;55,75;48,74;0,91
121,22;-0,69;0,25;-2,11;55,75;48,74;0,91
121,24;-0,69;0,25;-2,11;55,75;48,74;0,91
121,26;-0,69;0,25;-2,11;55,75;48,74;0,91
121,27;-0,69;0,25;-2,11;55,75;48,74;0,91
121,27;-0,56;1,28;1,12;55,75;48,74;0,91
121,28;-0,56;1,28;1,12;55,75;48,74;0,91
121,30;-0,56;1,28;1,12;55,75;48,74;0,91
121,32;-0,56;1,28;1,12;55,75;48,74;0,91
121,32;-0,56;1,28;1,12;55,75;48,74;0,91
121,32;-0,21;2,51;2,21;55,75;48,74;0,91
121,34;-0,21;2,51;2,21;55,75;48,74;0,91
121,36;-0,21;2,51;2,21;55,75;48,74;0,91
121,38;-0,21;2,51;2,21;55,75;48,74;0,91
121,40;-0,21;2,51;2,21;55,75;48,74;0,91
121,40;-0,21;2,51;2,21;55,75;48,74;0,91
121,40;0,06;1,36;3,84;55,75;48,74;0,91
121,42;0,06;1,36;3,84;55,75;48,74;0,91
121,44;0,06;1,36;3,84;55,75;48,74;0,91
121,46;0,06;1,36;3,84;55,75;48,74;0,91
121,46;0,17;-2,02;5,58;55,75;48,74;0,91
121,46;0,17;-2,02;5,58;55,75;48,74;0,91
121,48;0,17;-2,02;5,58;55,75;48,74;0,91
121,50;0,17;-2,02;5,58;55,75;48,74;0,91
121,52;0,17;-2,02;5,58;55,75;48,74;0,91
121,54;0,17;-2,02;5,58;55,75;48,74;0,91
121,54;-0,38;-2,02;-1,31;55,75;48,74;0,91
121,54;-0,38;-2,02;-1,31;55,75;48,74;0,91
121,56;-0,38;-2,02;-1,31;55,75;48,74;0,91
121,58;-0,38;-2,02;-1,31;55,75;48,74;0,91
121,60;-0,38;-2,02;-1,31;55,75;48,74;0,91
121,60;-0,38;-2,02;-1,31;55,75;48,74;0,91
121,60;-1,37;-1,82;-2,04;55,75;48,74;0,91
121,62;-1,37;-1,82;-2,04;55,75;48,74;0,91
121,64;-1,37;-1,82;-2,04;55,75;48,74;0,91
121,66;-1,37;-1,82;-2,04;55,75;48,74;0,91
121,66;-1,37;-1,82;-2,04;55,75;48,74;0,91
121,66;-0,59;-1,15;-2,62;55,75;48,74;0,91
121,68;-0,59;-1,15;-2,62;55,75;48,74;0,91
121,70;-0,59;-1,15;-2,62;55,75;48,74;0,91
121,72;-0,59;-1,15;-2,62;55,75;48,74;0,91
121,74;-0,59;-1,15;-2,62;55,75;48,74;0,91
121,74;0,16;0,15;-2,43;55,75;48,74;0,91
121,74;0,16;0,15;-2,43;55,75;48,74;0,91
121,76;0,16;0,15;-2,43;55,75;48,74;0,91
121,77;0,16;0,15;-2,43;55,75;48,74;0,91
121,79;0,16;0,15;-2,43;55,75;48,74;0,91
121,80;0,03;0,46;0,76;55,75;48,74;0,91
121,80;0,03;0,46;0,76;55,75;48,74;0,91
121,81;0,03;0,46;0,76;55,75;48,74;0,91
121,83;0,03;0,46;0,76;55,75;48,74;0,91
121,85;0,03;0,46;0,76;55,75;48,74;0,91
121,85;0,82;0,91;2,91;55,75;48,74;0,91
121,86;0,82;0,91;2,91;55,75;48,74;0,91
121,87;0,82;0,91;2,91;55,75;48,74;0,91
121,89;0,82;0,91;2,91;55,75;48,74;0,91
121,91;0,82;0,91;2,91;55,75;48,74;0,91
121,93;0,82;0,91;2,91;55,75;48,74;0,91
121,93;0,82;0,91;2,91;55,75;48,74;0,91
121,93;1,14;-0,59;3,72;55,75;48,74;0,91
121,95;1,14;-0,59;3,72;55,75;48,74;0,91
121,97;1,14;-0,59;3,72;55,75;48,74;0,91
121,99;1,14;-0,59;3,72;55,75;48,74;1,09
121,99;1,14;-0,59;3,72;55,75;48,74;1,09
121,99;0,49;0,10;-1,82;55,75;48,74;1,09
122,01;0,49;0,10;-1,82;55,75;48,74;1,09
122,03;0,49;0,10;-1,82;55,75;48,74;1,09
122,05;0,49;0,10;-1,82;55,75;48,74;1,09
122,07;0,49;0,10;-1,82;55,75;48,74;1,09
122,07;0,85;-1,07;1,36;55,75;48,74;1,09
122,07;0,85;-1,07;1,36;55,75;48,74;1,09
122,09;0,85;-1,07;1,36;55,75;48,74;1,09
122,11;0,85;-1,07;1,36;55,75;48,74;1,09
122,13;0,85;-1,07;1,36;55,75;48,74;1,09
122,13;1,17;-1,60;-0,75;55,75;48,74;1,09
122,13;1,17;-1,60;-0,75;55,75;48,74;1,09
122,15;1,17;-1,60;-0,75;55,75;48,74;1,09
122,17;1,17;-1,60;-0,75;55,75;48,74;1,09
122,19;1,17;-1,60;-0,75;55,75;48,74;1,09
122,19;1,17;-1,60;-0,75;55,75;48,74;1,09
122,19;1,07;-0,46;-2,69;55,75;48,74;1,09
122,21;1,07;-0,46;-2,69;55,75;48,74;1,09
122,23;1,07;-0,46;-2,69;55,75;48,74;1,09
122,25;1,07;-0,46;-2,69;55,75;48,74;1,09
122,27;1,07;-0,46;-2,69;55,75;48,74;1,09
122,27;-0,03;0,11;0,12;55,75;48,74;1,09
122,27;-0,03;0,11;0,12;55,75;48,74;1,09
122,29;-0,03;0,11;0,12;55,75;48,74;1,09
122,30;-0,03;0,11;0,12;55,75;48,74;1,09
122,32;-0,03;0,11;0,12;55,75;48,74;1,09
122,33;-0,03;0,11;0,12;55,75;48,74;1,09
122,33;-0,03;0,70;-1,54;55,75;48,74;1,09
122,34;-0,03;0,70;-1,54;55,75;48,74;1,09
122,36;-0,03;0,70;-1,54;55,75;48,74;1,09
122,39;-0,03;0,70;-1,54;55,75;48,74;1,09
122,40;-0,03;0,70;-1,54;55,75;48,74;1,09
122,40;0,04;0,32;-2,56;55,75;48,74;1,09
122,41;0,04;0,32;-2,56;55,75;48,74;1,09
122,42;0,04;0,32;-2,56;55,75;48,74;1,09
122,44;0,04;0,32;-2,56;55,75;48,74;1,09
122,47;-0,19;0,18;-1,57;55,75;48,74;1,09
122,47;-0,19;0,18;-1,57;55,75;48,74;1,09
122,47;-0,19;0,18;-1,57;55,75;48,74;1,09
122,48;-0,19;0,18;-1,57;55,75;48,74;1,09
122,50;-0,19;0,18;-1,57;55,75;48,74;1,09
122,52;-0,19;0,18;-1,57;55,75;48,74;1,09
122,52;-0,19;0,18;-1,57;55,75;48,74;1,09
122,52;0,08;1,30;-0,71;55,75;48,74;1,09
122,54;0,08;1,30;-0,71;55,75;48,74;1,09
122,56;0,08;1,30;-0,71;55,75;48,74;1,09
122,58;0,08;1,30;-0,71;55,75;48,74;1,09
122,60;0,08;1,30;-0,71;55,75;48,74;1,09
122,60;0,08;1,30;-0,71;55,75;48,74;1,09
122,60;0,38;2,22;0,95;55,75;48,74;1,09
122,62;0,38;2,22;0,95;55,75;48,74;1,09
122,64;0,38;2,22;0,95;55,75;48,74;1,09
122,66;0,38;2,22;0,95;55,75;48,74;1,09
122,66;0,38;2,22;0,95;55,75;48,74;1,09
122,66;0,76;1,74;1,97;55,75;48,74;1,09
122,68;0,76;1,74;1,97;55,75;48,74;1,09
122,70;0,76;1,74;1,97;55,75;48,74;1,09
122,72;0,76;1,74;1,97;55,75;48,74;1,09
122,74;0,76;1,74;1,97;55,75;48,74;1,09
122,74;0,76;1,74;1,97;55,75;48,74;1,09
122,74;0,23;0,23;1,34;55,75;48,74;1,09
122,76;0,23;0,23;1,34;55,75;48,74;1,09
122,78;0,23;0,23;1,34;55,75;48,74;1,09
122,80;0,23;0,23;1,34;55,75;48,74;1,09
122,80;0,23;0,23;1,34;55,75;48,74;1,09
122,80;-0,12;-1,34;1,96;55,75;48,74;1,09
122,82;-0,12;-1,34;1,96;55,75;48,74;1,09
122,84;-0,12;-1,34;1,96;55,75;48,74;1,09
122,86;-0,12;-1,34;1,96;55,75;48,74;1,09
122,86;-0,68;-2,98;1,59;55,75;48,74;1,09
122,86;-0,68;-2,98;1,59;55,75;48,74;1,09
122,88;-0,68;-2,98;1,59;55,75;48,74;1,09
122,90;-0,68;-2,98;1,59;55,75;48,74;1,09
122,92;-0,68;-2,98;1,59;55,75;48,74;1,09
122,93;-0,68;-2,98;1,59;55,75;48,74;1,09
122,94;-0,68;-2,98;1,59;55,75;48,74;1,09
122,94;-0,73;-1,50;-1,29;55,75;48,74;1,09
122,96;-0,73;-1,50;-1,29;55,75;48,74;1,09
122,97;-0,73;-1,50;-1,29;55,75;48,74;1,09
122,99;-0,73;-1,50;-1,29;55,75;48,74;1,10
123,00;-0,73;-1,50;-1,29;55,75;48,74;1,10
123,00;-0,75;-0,31;-0,31;55,75;48,74;1,10
123,01;-0,75;-0,31;-0,31;55,75;48,74;1,10
123,03;-0,75;-0,31;-0,31;55,75;48,74;1,10
123,05;-0,75;-0,31;-0,31;55,75;48,74;1,10
123,05;-0,75;-0,31;-0,31;55,75;48,74;1,10
123,05;-0,10;0,89;-2,21;55,75;48,74;1,10
123,07;-0,10;0,89;-2,21;55,75;48,74;1,10
123,09;-0,10;0,89;-2,21;55,75;48,74;1,10
123,11;-0,10;0,89;-2,21;55,75;48,74;1,10
123,13;-0,10;0,89;-2,21;55,75;48,74;1,10
123,13;-0,10;0,89;-2,21;55,75;48,74;1,10
123,13;-0,25;1,37;-0,99;55,75;48,74;1,10
123,15;-0,25;1,37;-0,99;55,75;48,74;1,10
123,17;-0,25;1,37;-0,99;55,75;48,74;1,10
123,19;-0,25;1,37;-0,99;55,75;48,74;1,10
123,19;-0,25;1,37;-0,99;55,75;48,74;1,10
123,19;1,09;1,99;-0,88;55,75;48,74;1,10
123,21;1,09;1,99;-0,88;55,75;48,74;1,10
123,23;1,09;1,99;-0,88;55,75;48,74;1,10
123,25;1,09;1,99;-0,88;55,75;48,74;1,10
123,27;1,09;1,99;-0,88;55,75;48,74;1,10
123,27;1,09;1,99;-0,88;55,75;48,74;1,10
123,27;1,54;1,42;0,13;55,75;48,74;1,10
123,29;1,54;1,42;0,13;55,75;48,74;1,10
123,31;1,54;1,42;0,13;55,75;48,74;1,10
123,33;1,54;1,42;0,13;55,75;48,74;1,10
123,33;0,28;1,01;0,00;55,75;48,74;1,10
123,33;0,28;1,01;0,00;55,75;48,74;1,10
123,35;0,28;1,01;0,00;55,75;48,74;1,10
123,37;0,28;1,01;0,00;55,75;48,74;1,10
123,39;0,28;1,01;0,00;55,75;48,74;1,10
123,39;-0,45;0,88;1,01;55,75;48,74;1,10
123,39;-0,45;0,88;1,01;55,75;48,74;1,10
123,41;-0,45;0,88;1,01;55,75;48,74;1,10
123,43;-0,45;0,88;1,01;55,75;48,74;1,10
123,45;-0,45;0,88;1,01;55,75;48,74;1,10
123,47;-0,45;0,88;1,01;55,75;48,74;1,10
123,47;0,14;0,04;3,03;55,75;48,74;1,10
123,47;0,14;0,04;3,03;55,75;48,74;1,10
123,49;0,14;0,04;3,03;55,75;48,74;1,10
123,50;0,14;0,04;3,03;55,75;48,74;1,10
123,52;0,14;0,04;3,03;55,75;48,74;1,10
123,53;0,14;0,04;3,03;55,75;48,74;1,10
123,53;-0,51;-1,09;2,08;55,75;48,74;1,10
123,54;-0,51;-1,09;2,08;55,75;48,74;1,10
123,56;-0,51;-1,09;2,08;55,75;48,74;1,10
123,58;-0,51;-1,09;2,08;55,75;48,74;1,10
123,60;-0,51;-1,09;2,08;55,75;48,74;1,10
123,61;-0,09;-2,40;0,26;55,75;48,74;1,10
123,61;-0,09;-2,40;0,26;55,75;48,74;1,10
123,62;-0,09;-2,40;0,26;55,75;48,74;1,10
123,64;-0,09;-2,40;0,26;55,75;48,74;1,10
123,66;-0,09;-2,40;0,26;55,75;48,74;1,10
123,66;-0,09;-2,40;0,26;55,75;48,74;1,10
123,66;-0,55;-1,20;-1,51;55,75;48,74;1,10
123,68;-0,55;-1,20;-1,51;55,75;48,74;1,10
123,70;-0,55;-1,20;-1,51;55,75;48,74;1,10
123,72;-0,55;-1,20;-1,51;55,75;48,74;1,10
123,72;0,13;-0,49;-0,43;55,75;48,74;1,10
123,72;0,13;-0,49;-0,43;55,75;48,74;1,10
123,74;0,13;-0,49;-0,43;55,75;48,74;1,10
123,76;0,13;-0,49;-0,43;55,75;48,74;1,10
123,78;0,13;-0,49;-0,43;55,75;48,74;1,10
123,80;0,13;-0,49;-0,43;55,75;48,74;1,10
123,80;0,83;-0,06;-1,26;55,75;48,74;1,10
123,80;0,83;-0,06;-1,26;55,75;48,74;1,10
123,82;0,83;-0,06;-1,26;55,75;48,74;1,10
123,84;0,83;-0,06;-1,26;55,75;48,74;1,10
123,86;0,83;-0,06;-1,26;55,75;48,74;1,10
123,86;1,01;0,21;-2,56;55,75;48,74;1,10
123,86;1,01;0,21;-2,56;55,75;48,74;1,10
123,88;1,01;0,21;-2,56;55,75;48,74;1,10
123,90;1,01;0,21;-2,56;55,75;48,74;1,10
123,92;1,01;0,21;-2,56;55,75;48,74;1,10
123,94;1,01;0,21;-2,56;55,75;48,74;1,10
123,94;0,69;0,62;-2,35;55,75;48,74;1,10
123,94;0,69;0,62;-2,35;55,75;48,74;1,10
123,96;0,69;0,62;-2,35;55,75;48,74;1,10
123,98;0,69;0,62;-2,35;55,75;48,74;1,10
124,00;0,69;0,62;-2,35;55,75;48,74;0,79
124,00;0,69;0,62;-2,35;55,75;48,74;0,79
124,00;0,04;1,97;-0,08;55,75;48,74;0,79
124,02;0,04;1,97;-0,08;55,75;48,74;0,79
124,04;0,04;1,97;-0,08;55,75;48,74;0,79
124,06;0,04;1,97;-0,08;55,75;48,74;0,79
124,06;-0,42;1,37;4,48;55,75;48,74;0,79
124,06;-0,42;1,37;4,48;55,75;48,74;0,79
124,08;-0,42;1,37;4,48;55,75;48,74;0,79
124,10;-0,42;1,37;4,48;55,75;48,74;0,79
124,12;-0,42;1,37;4,48;55,75;48,74;0,79
124,13;-0,42;1,37;4,48;55,75;48,74;0,79
124,13;-0,42;1,37;4,48;55,75;48,74;0,79
124,13;-0,23;-0,04;2,27;55,75;48,74;0,79
124,15;-0,23;-0,04;2,27;55,75;48,74;0,79
124,17;-0,23;-0,04;2,27;55,75;48,74;0,79
124,19;-0,23;-0,04;2,27;55,75;48,74;0,79
124,19;-1,03;-2,68;0,18;55,75;48,74;0,79
124,19;-1,03;-2,68;0,18;55,75;48,74;0,79
124,21;-1,03;-2,68;0,18;55,75;48,74;0,79
124,23;-1,03;-2,68;0,18;55,75;48,74;0,79
124,25;-1,03;-2,68;0,18;55,75;48,74;0,79
124,25;-1,03;-2,68;0,18;55,75;48,74;0,79
124,25;-0,40;-2,06;-1,79;55,75;48,74;0,79
124,27;-0,40;-2,06;-1,79;55,75;48,74;0,79
124,29;-0,40;-2,06;-1,79;55,75;48,74;0,79
124,31;-0,40;-2,06;-1,79;55,75;48,74;0,79
124,33;-0,40;-2,06;-1,79;55,75;48,74;0,79
124,33;-0,40;-2,06;-1,79;55,75;48,74;0,79
124,33;-1,32;-2,21;-0,31;55,75;48,74;0,79
124,35;-1,32;-2,21;-0,31;55,75;48,74;0,79
124,37;-1,32;-2,21;-0,31;55,75;48,74;0,79
124,39;-1,32;-2,21;-0,31;55,75;48,74;0,79
124,39;-1,32;-2,21;-0,31;55,75;48,74;0,79
124,39;-0,97;-0,32;-3,20;55,75;48,74;0,79
124,41;-0,97;-0,32;-3,20;55,75;48,74;0,79
124,43;-0,97;-0,32;-3,20;55,75;48,74;0,79
124,45;-0,97;-0,32;-3,20;55,75;48,74;0,79
124,47;-0,97;-0,32;-3,20;55,75;48,74;0,79
124,47;-0,97;-0,32;-3,20;55,75;48,74;0,79
124,47;0,07;0,57;-2,04;55,75;48,74;0,79
124,49;0,07;0,57;-2,04;55,75;48,74;0,79
124,51;0,07;0,57;-2,04;55,75;48,74;0,79
124,53;0,07;0,57;-2,04;55,75;48,74;0,79
124,53;0,07;0,57;-2,04;55,75;48,74;0,79
124,53;0,25;1,56;-0,65;55,75;48,74;0,79
124,55;0,25;1,56;-0,65;55,75;48,74;0,79
124,57;0,25;1,56;-0,65;55,75;48,74;0,79
124,59;0,25;1,56;-0,65;55,75;48,74;0,79
124,59;-0,47;1,66;2,55;55,75;48,74;0,79
124,59;-0,47;1,66;2,55;55,75;48,74;0,79
124,61;-0,47;1,66;2,55;55,75;48,74;0,79
124,63;-0,47;1,66;2,55;55,75;48,74;0,79
124,65;-0,47;1,66;2,55;55,75;48,74;0,79
124,67;-0,47;1,66;2,55;55,75;48,74;0,79
124,67;-0,47;1,66;2,55;55,75;48,74;0,79
124,67;1,31;1,80;3,20;55,75;48,74;0,79
124,68;1,31;1,80;3,20;55,75;48,74;0,79
124,70;1,31;1,80;3,20;55,75;48,74;0,79
124,72;1,31;1,80;3,20;55,75;48,74;0,79
124,73;1,87;0,55;2,41;55,75;48,74;0,79
124,73;1,87;0,55;2,41;55,75;48,74;0,79
124,74;1,87;0,55;2,41;55,75;48,74;0,79
124,76;1,87;0,55;2,41;55,75;48,74;0,79
124,78;1,87;0,55;2,41;55,75;48,74;0,79
124,80;0,54;-1,96;2,91;55,75;48,74;0,79
124,81;0,54;-1,96;2,91;55,75;48,74;0,79
124,81;0,54;-1,96;2,91;55,75;48,74;0,79
124,82;0,54;-1,96;2,91;55,75;48,74;0,79
124,84;0,54;-1,96;2,91;55,75;48,74;0,79
124,86;0,54;-1,96;2,91;55,75;48,74;0,79
124,86;0,97;-2,64;-1,33;55,75;48,74;0,79
124,86;0,97;-2,64;-1,33;55,75;48,74;0,79
124,88;0,97;-2,64;-1,33;55,75;48,74;0,79
124,90;0,97;-2,64;-1,33;55,75;48,74;0,79
124,92;0,97;-2,64;-1,33;55,75;48,74;0,79
124,92;0,97;-2,64;-1,33;55,75;48,74;0,79
124,92;0,88;-1,54;-2,37;55,75;48,74;0,79
124,94;0,88;-1,54;-2,37;55,75;48,74;0,79
124,96;0,88;-1,54;-2,37;55,75;48,74;0,79
124,98;0,88;-1,54;-2,37;55,75;48,74;0,35
125,00;0,88;-1,54;-2,37;55,75;48,74;0,35
125,00;0,88;-1,54;-2,37;55,75;48,74;0,35
125,00;0,80;-0,03;-0,97;55,75;48,74;0,35
125,02;0,80;-0,03;-0,97;55,75;48,74;0,35
125,04;0,80;-0,03;-0,97;55,75;48,74;0,35
125,06;0,80;-0,03;-0,97;55,75;48,74;0,35
125,06;0,78;-0,26;-2,41;55,75;48,74;0,35
125,06;0,78;-0,26;-2,41;55,75;48,74;0,35
125,08;0,78;-0,26;-2,41;55,75;48,74;0,35
125,10;0,78;-0,26;-2,41;55,75;48,74;0,35
125,12;0,78;-0,26;-2,41;55,75;48,74;0,35
125,14;0,78;-0,26;-2,41;55,75;48,74;0,35
125,14;0,41;-0,83;-3,35;55,75;48,74;0,35
125,14;0,41;-0,83;-3,35;55,75;48,74;0,35
125,16;0,41;-0,83;-3,35;55,75;48,74;0,35
125,18;0,41;-0,83;-3,35;55,75;48,74;0,35
125,20;0,41;-0,83;-3,35;55,75;48,74;0,35
125,20;0,41;-0,83;-3,35;55,75;48,74;0,35
125,20;0,37;0,41;-1,86;55,75;48,74;0,35
125,22;0,37;0,41;-1,86;55,75;48,74;0,35
125,24;0,37;0,41;-1,86;55,75;48,74;0,35
125,26;0,37;0,41;-1,86;55,75;48,74;0,35
125,26;0,37;0,41;-1,86;55,75;48,74;0,35
125,26;-0,10;1,95;2,55;55,75;48,74;0,35
125,27;-0,10;1,95;2,55;55,75;48,74;0,35
125,29;-0,10;1,95;2,55;55,75;48,74;0,35
125,31;-0,10;1,95;2,55;55,75;48,74;0,35
125,33;-0,10;1,95;2,55;55,75;48,74;0,35
125,33;-0,10;1,95;2,55;55,75;48,74;0,35
125,34;1,15;2,08;3,51;55,75;48,74;0,35
125,35;1,15;2,08;3,51;55,75;48,74;0,35
125,37;1,15;2,08;3,51;55,75;48,74;0,35
125,39;1,15;2,08;3,51;55,75;48,74;0,35
125,40;1,15;2,08;3,51;55,75;48,74;0,35
125,40;-0,53;0,88;3,11;55,75;48,74;0,35
125,41;-0,53;0,88;3,11;55,75;48,74;0,35
125,43;-0,53;0,88;3,11;55,75;48,74;0,35
125,45;-0,53;0,88;3,11;55,75;48,74;0,35
125,47;-0,53;0,88;3,11;55,75;48,74;0,35
125,47;-1,48;-1,72;1,27;55,75;48,74;0,35
125,47;-1,48;-1,72;1,27;55,75;48,74;0,35
125,49;-1,48;-1,72;1,27;55,75;48,74;0,35
125,51;-1,48;-1,72;1,27;55,75;48,74;0,35
125,53;-1,48;-1,72;1,27;55,75;48,74;0,35
125,53;-1,48;-1,72;1,27;55,75;48,74;0,35
125,53;-2,35;-1,26;-3,17;55,75;48,74;0,35
125,55;-2,35;-1,26;-3,17;55,75;48,74;0,35
125,57;-2,35;-1,26;-3,17;55,75;48,74;0,35
125,59;-2,35;-1,26;-3,17;55,75;48,74;0,35
125,59;-2,35;-1,26;-3,17;55,75;48,74;0,35
125,59;-0,92;-1,41;-1,06;55,75;48,74;0,35
125,61;-0,92;-1,41;-1,06;55,75;48,74;0,35
125,63;-0,92;-1,41;-1,06;55,75;48,74;0,35
125,65;-0,92;-1,41;-1,06;55,75;48,74;0,35
125,67;-0,92;-1,41;-1,06;55,75;48,74;0,35
125,67;-1,56;-0,62;-2,43;55,75;48,74;0,35
125,67;-1,56;-0,62;-2,43;55,75;48,74;0,35
125,69;-1,56;-0,62;-2,43;55,75;48,74;0,35
125,71;-1,56;-0,62;-2,43;55,75;48,74;0,35
125,73;-1,56;-0,62;-2,43;55,75;48,74;0,35
125,73;-1,56;-0,62;-2,43;55,75;48,74;0,35
125,73;-0,38;-0,17;-1,69;55,75;48,74;0,35
125,75;-0,38;-0,17;-1,69;55,75;48,74;0,35
125,77;-0,38;-0,17;-1,69;55,75;48,74;0,35
125,79;-0,72;0,17;0,12;55,75;48,74;0,35
125,79;-0,72;0,17;0,12;55,75;48,74;0,35
125,79;-0,72;0,17;0,12;55,75;48,74;0,35
125,81;-0,72;0,17;0,12;55,75;48,74;0,35
125,83;-0,72;0,17;0,12;55,75;48,74;0,35
125,85;-0,72;0,17;0,12;55,75;48,74;0,35
125,87;-0,72;0,17;0,12;55,75;48,74;0,35
125,87;-0,72;0,17;0,12;55,75;48,74;0,35
125,87;-0,11;1,22;1,34;55,75;48,74;0,35
125,88;-0,11;1,22;1,34;55,75;48,74;0,35
125,90;-0,11;1,22;1,34;55,75;48,74;0,35
125,92;-0,11;1,22;1,34;55,75;48,74;0,35
125,93;-0,11;1,22;1,34;55,75;48,74;0,35
125,93;1,54;1,74;2,02;55,75;48,74;0,35
125,94;1,54;1,74;2,02;55,75;48,74;0,35
125,96;1,54;1,74;2,02;55,75;48,74;0,35
125,98;1,54;1,74;2,02;55,75;48,74;0,40
126,00;1,47;0,53;2,41;55,75;48,74;0,40
126,00;1,47;0,53;2,41;55,75;48,74;0,40
126,01;1,47;0,53;2,41;55,75;48,74;0,40
126,02;1,47;0,53;2,41;55,75;48,74;0,40
126,04;1,47;0,53;2,41;55,75;48,74;0,40
126,06;1,47;0,53;2,41;55,75;48,74;0,40
126,06;1,02;-2,45;2,43;55,75;48,74;0,40
126,06;1,02;-2,45;2,43;55,75;48,74;0,40
126,08;1,02;-2,45;2,43;55,75;48,74;0,40
126,10;1,02;-2,45;2,43;55,75;48,74;0,40
126,12;1,02;-2,45;2,43;55,75;48,74;0,40
126,12;1,02;-2,45;2,43;55,75;48,74;0,40
126,12;2,12;-1,41;-3,01;55,75;48,74;0,40
126,14;2,12;-1,41;-3,01;55,75;48,74;0,40
126,16;2,12;-1,41;-3,01;55,75;48,74;0,40
126,18;2,12;-1,41;-3,01;55,75;48,74;0,40
126,20;2,12;-1,41;-3,01;55,75;48,74;0,40
126,20;2,12;-1,41;-3,01;55,75;48,74;0,40
126,20;0,07;-1,10;-3,75;55,75;48,74;0,40
126,22;0,07;-1,10;-3,75;55,75;48,74;0,40
126,24;0,07;-1,10;-3,75;55,75;48,74;0,40
126,26;0,07;-1,10;-3,75;55,75;48,74;0,40
126,26;0,07;-1,10;-3,75;55,75;48,74;0,40
126,26;-0,31;-0,68;-2,90;55,75;48,74;0,40
126,28;-0,31;-0,68;-2,90;55,75;48,74;0,40
126,30;-0,31;-0,68;-2,90;55,75;48,74;0,40
126,32;-0,31;-0,68;-2,90;55,75;48,74;0,40
126,34;-0,31;-0,68;-2,90;55,75;48,74;0,40
126,34;-0,31;-0,68;-2,90;55,75;48,74;0,40
126,34;-0,54;0,05;-0,75;55,75;48,74;0,40
126,36;-0,54;0,05;-0,75;55,75;48,74;0,40
126,38;-0,54;0,05;-0,75;55,75;48,74;0,40
126,40;-0,54;0,05;-0,75;55,75;48,74;0,40
126,40;-0,54;0,05;-0,75;55,75;48,74;0,40
126,40;0,17;1,43;1,34;55,75;48,74;0,40
126,42;0,17;1,43;1,34;55,75;48,74;0,40
126,44;0,17;1,43;1,34;55,75;48,74;0,40
126,45;0,19;2,34;1,60;55,75;48,74;0,40
126,46;0,19;2,34;1,60;55,75;48,74;0,40
126,46;0,19;2,34;1,60;55,75;48,74;0,40
126,47;0,19;2,34;1,60;55,75;48,74;0,40
126,49;0,19;2,34;1,60;55,75;48,74;0,40
126,51;0,19;2,34;1,60;55,75;48,74;0,40
126,53;0,19;2,34;1,60;55,75;48,74;0,40
126,53;-0,97;1,83;2,20;55,75;48,74;0,40
126,54;-0,97;1,83;2,20;55,75;48,74;0,40
126,55;-0,97;1,83;2,20;55,75;48,74;0,40
126,57;-0,97;1,83;2,20;55,75;48,74;0,40
126,59;-0,97;1,83;2,20;55,75;48,74;0,40
126,59;-0,97;1,83;2,20;55,75;48,74;0,40
126,60;-1,63;-1,09;4,72;55,75;48,74;0,40
126,61;-1,63;-1,09;4,72;55,75;48,74;0,40
126,64;-1,63;-1,09;4,72;55,75;48,74;0,40
126,65;-1,63;-1,09;4,72;55,75;48,74;0,40
126,67;-1,63;-1,09;4,72;55,75;48,74;0,40
126,67;-1,63;-1,09;4,72;55,75;48,74;0,40
126,67;-0,51;-1,82;1,41;55,75;48,74;0,40
126,69;-0,51;-1,82;1,41;55,75;48,74;0,40
126,71;-0,51;-1,82;1,41;55,75;48,74;0,40
126,73;-0,51;-1,82;1,41;55,75;48,74;0,40
126,73;1,11;-1,43;-1,63;55,75;48,74;0,40
126,73;1,11;-1,43;-1,63;55,75;48,74;0,40
126,75;1,11;-1,43;-1,63;55,75;48,74;0,40
126,77;1,11;-1,43;-1,63;55,75;48,74;0,40
126,79;1,11;-1,43;-1,63;55,75;48,74;0,40
126,79;1,11;-1,43;-1,63;55,75;48,74;0,40
126,79;0,82;-0,64;-4,55;55,75;48,74;0,40
126,81;0,82;-0,64;-4,55;55,75;48,74;0,40
126,83;0,82;-0,64;-4,55;55,75;48,74;0,40
126,85;0,82;-0,64;-4,55;55,75;48,74;0,40
126,87;0,82;-0,64;-4,55;55,75;48,74;0,40
126,87;0,82;-0,64;-4,55;55,75;48,74;0,40
126,87;-0,68;-0,24;-3,29;55,75;48,74;0,40
126,89;-0,68;-0,24;-3,29;55,75;48,74;0,40
126,91;-0,68;-0,24;-3,29;55,75;48,74;0,40
126,93;-0,68;-0,24;-3,29;55,75;48,74;0,40
126,93;-0,68;-0,24;-3,29;55,75;48,74;0,40
126,93;-0,44;0,56;-0,42;55,75;48,74;0,40
126,95;-0,44;0,56;-0,42;55,75;48,74;0,40
126,97;-0,44;0,56;-0,42;55,75;48,74;0,40
126,99;-0,44;0,56;-0,42;55,75;48,74;0,40
126,99;0,95;0,65;2,89;55,75;48,74;0,40
126,99;0,95;0,65;2,89;55,75;48,74;0,40
127,01;0,95;0,65;2,89;55,75;48,74;0,40
127,03;0,95;0,65;2,89;55,75;48,74;0,40
127,04;0,95;0,65;2,89;55,75;48,74;0,40
127,06;0,95;0,65;2,89;55,75;48,74;0,40
127,07;0,95;0,65;2,89;55,75;48,74;0,40
127,07;-1,88;1,40;2,98;55,75;48,74;0,40
127,08;-1,88;1,40;2,98;55,75;48,74;0,40
127,10;-1,88;1,40;2,98;55,75;48,74;0,40
127,12;-1,88;1,40;2,98;55,75;48,74;0,40
127,13;2,23;-0,22;2,05;55,75;48,74;0,40
127,13;2,23;-0,22;2,05;55,75;48,74;0,40
127,14;2,23;-0,22;2,05;55,75;48,74;0,40
127,16;2,23;-0,22;2,05;55,75;48,74;0,40
127,18;2,23;-0,22;2,05;55,75;48,74;0,40
127,20;2,23;-0,22;2,05;55,75;48,74;0,40
127,21;2,23;-0,22;2,05;55,75;48,74;0,40
127,21;1,56;-2,45;2,46;55,75;48,74;0,40
127,22;1,56;-2,45;2,46;55,75;48,74;0,40
127,24;1,56;-2,45;2,46;55,75;48,74;0,40
127,26;1,56;-2,45;2,46;55,75;48,74;0,40
127,26;1,56;-2,45;2,46;55,75;48,74;0,40
127,26;2,16;-1,68;-2,40;55,75;48,74;0,40
127,28;2,16;-1,68;-2,40;55,75;48,74;0,40
127,30;2,16;-1,68;-2,40;55,75;48,74;0,40
127,32;2,16;-1,68;-2,40;55,75;48,74;0,40
127,32;-0,83;-1,30;-1,41;55,75;48,74;0,40
127,32;-0,83;-1,30;-1,41;55,75;48,74;0,40
127,34;-0,83;-1,30;-1,41;55,75;48,74;0,40
127,36;-0,83;-1,30;-1,41;55,75;48,74;0,40
127,38;-0,83;-1,30;-1,41;55,75;48,74;0,40
127,40;-0,83;-1,30;-1,41;55,75;48,74;0,40
127,40;-1,55;-0,48;-2,88;55,75;48,74;0,40
127,40;-1,55;-0,48;-2,88;55,75;48,74;0,40
127,42;-1,55;-0,48;-2,88;55,75;48,74;0,40
127,44;-1,55;-0,48;-2,88;55,75;48,74;0,40
127,46;-1,55;-0,48;-2,88;55,75;48,74;0,40
127,46;-1,55;-0,48;-2,88;55,75;48,74;0,40
127,46;-0,32;-0,04;-3,46;55,75;48,74;0,40
127,48;-0,32;-0,04;-3,46;55,75;48,74;0,40
127,50;-0,32;-0,04;-3,46;55,75;48,74;0,40
127,52;-0,32;-0,04;-3,46;55,75;48,74;0,40
127,54;-0,32;-0,04;-3,46;55,75;48,74;0,40
127,54;-0,32;-0,04;-3,46;55,75;48,74;0,40
127,54;-0,06;0,81;-1,03;55,75;48,74;0,40
127,56;-0,06;0,81;-1,03;55,75;48,74;0,40
127,58;-0,06;0,81;-1,03;55,75;48,74;0,40
127,60;-0,06;0,81;-1,03;55,75;48,74;0,40
127,60;-0,06;0,81;-1,03;55,75;48,74;0,40
127,60;-0,04;2,17;1,57;55,75;48,74;0,40
127,61;-0,04;2,17;1,57;55,75;48,74;0,40
127,63;-0,04;2,17;1,57;55,75;48,74;0,40
127,65;-0,04;2,17;1,57;55,75;48,74;0,40
127,65;-0,04;2,17;1,57;55,75;48,74;0,40
127,65;-0,61;1,68;3,35;55,75;48,74;0,40
127,67;-0,61;1,68;3,35;55,75;48,74;0,40
127,69;-0,61;1,68;3,35;55,75;48,74;0,40
127,71;-0,61;1,68;3,35;55,75;48,74;0,40
127,73;-0,61;1,68;3,35;55,75;48,74;0,40
127,73;-0,61;1,68;3,35;55,75;48,74;0,40
127,74;-1,47;0,39;4,54;55,75;48,74;0,40
127,75;-1,47;0,39;4,54;55,75;48,74;0,40
127,77;-1,47;0,39;4,54;55,75;48,74;0,40
127,79;-1,47;0,39;4,54;55,75;48,74;0,40
127,79;-1,47;0,39;4,54;55,75;48,74;0,40
127,80;-0,91;-1,44;1,99;55,75;48,74;0,40
127,81;-0,91;-1,44;1,99;55,75;48,74;0,40
127,83;-0,91;-1,44;1,99;55,75;48,74;0,40
127,85;-0,91;-1,44;1,99;55,75;48,74;0,40
127,87;-0,91;-1,44;1,99;55,75;48,74;0,40
127,87;0,05;-1,84;-0,77;55,75;48,74;0,40
127,87;0,05;-1,84;-0,77;55,75;48,74;0,40
127,89;0,05;-1,84;-0,77;55,75;48,74;0,40
127,91;0,05;-1,84;-0,77;55,75;48,74;0,40
127,93;0,05;-1,84;-0,77;55,75;48,74;0,40
127,93;0,05;-1,84;-0,77;55,75;48,74;0,40
127,93;-0,61;-1,61;-3,26;55,75;48,74;0,40
127,95;-0,61;-1,61;-3,26;55,75;48,74;0,40
127,97;-0,61;-1,61;-3,26;55,75;48,74;0,40
127,99;-0,61;-1,61;-3,26;55,75;48,74;0,00
127,99;0,37;-0,53;-4,12;55,75;48,74;0,00
127,99;0,37;-0,53;-4,12;55,75;48,74;0,00
128,01;0,37;-0,53;-4,12;55,75;48,74;0,00
128,03;0,37;-0,53;-4,12;55,75;48,74;0,00
128,05;0,37;-0,53;-4,12;55,75;48,74;0,00
128,07;0,37;-0,53;-4,12;55,75;48,74;0,00
128,07;0,45;0,28;-0,87;55,75;48,74;0,00
128,07;0,45;0,28;-0,87;55,75;48,74;0,00
128,09;0,45;0,28;-0,87;55,75;48,74;0,00
128,11;0,45;0,28;-0,87;55,75;48,74;0,00
128,13;0,45;0,28;-0,87;55,75;48,74;0,00
128,13;0,80;0,64;1,41;55,75;48,74;0,00
128,13;0,80;0,64;1,41;55,75;48,74;0,00
128,15;0,80;0,64;1,41;55,75;48,74;0,00
128,17;0,80;0,64;1,41;55,75;48,74;0,00
128,19;0,80;0,64;1,41;55,75;48,74;0,00
128,19;0,80;0,64;1,41;55,75;48,74;0,00
128,19;-0,05;1,18;0,58;55,75;48,74;0,00
128,21;-0,05;1,18;0,58;55,75;48,74;0,00
128,22;-0,05;1,18;0,58;55,75;48,74;0,00
128,24;-0,05;1,18;0,58;55,75;48,74;0,00
128,26;-0,05;1,18;0,58;55,75;48,74;0,00
128,27;-0,05;1,18;0,58;55,75;48,74;0,00
128,27;1,21;0,92;2,85;55,75;48,74;0,00
128,28;1,21;0,92;2,85;55,75;48,74;0,00
128,30;1,21;0,92;2,85;55,75;48,74;0,00
128,32;1,21;0,92;2,85;55,75;48,74;0,00
128,32;0,41;-1,23;3,14;55,75;48,74;0,00
128,33;0,41;-1,23;3,14;55,75;48,74;0,00
128,34;0,41;-1,23;3,14;55,75;48,74;0,00
128,36;0,41;-1,23;3,14;55,75;48,74;0,00
128,38;0,41;-1,23;3,14;55,75;48,74;0,00
128,40;0,41;-1,23;3,14;55,75;48,74;0,00
128,40;0,41;-1,23;3,14;55,75;48,74;0,00
128,40;1,10;-1,75;1,37;55,75;48,74;0,00
128,42;1,10;-1,75;1,37;55,75;48,74;0,00
128,44;1,10;-1,75;1,37;55,75;48,74;0,00
128,46;1,10;-1,75;1,37;55,75;48,74;0,00
128,46;1,10;-1,75;1,37;55,75;48,74;0,00
128,46;0,59;-1,27;-1,11;55,75;48,74;0,00
128,48;0,59;-1,27;-1,11;55,75;48,74;0,00
128,50;0,59;-1,27;-1,11;55,75;48,74;0,00
128,52;0,59;-1,27;-1,11;55,75;48,74;0,00
128,52;0,59;-1,27;-1,11;55,75;48,74;0,00
128,52;-1,73;-1,19;-4,46;55,75;48,74;0,00
128,54;-1,73;-1,19;-4,46;55,75;48,74;0,00
128,56;-1,73;-1,19;-4,46;55,75;48,74;0,00
128,58;-1,73;-1,19;-4,46;55,75;48,74;0,00
128,60;-1,73;-1,19;-4,46;55,75;48,74;0,00
128,60;-1,73;-1,19;-4,46;55,75;48,74;0,00
128,60;-1,22;-0,81;-4,17;55,75;48,74;0,00
128,62;-1,22;-0,81;-4,17;55,75;48,74;0,00
128,64;-1,22;-0,81;-4,17;55,75;48,74;0,00
128,66;-1,72;-0,04;-1,77;55,75;48,74;0,00
128,66;-1,72;-0,04;-1,77;55,75;48,74;0,00
128,66;-1,72;-0,04;-1,77;55,75;48,74;0,00
128,68;-1,72;-0,04;-1,77;55,75;48,74;0,00
128,70;-1,72;-0,04;-1,77;55,75;48,74;0,00
128,72;-1,72;-0,04;-1,77;55,75;48,74;0,00
128,74;-1,72;-0,04;-1,77;55,75;48,74;0,00
128,74;-1,72;-0,04;-1,77;55,75;48,74;0,00
128,74;-1,28;1,62;1,94;55,75;48,74;0,00
128,76;-1,28;1,62;1,94;55,75;48,74;0,00
128,78;-1,28;1,62;1,94;55,75;48,74;0,00
128,80;-1,28;1,62;1,94;55,75;48,74;0,00
128,80;-1,28;1,62;1,94;55,75;48,74;0,00
128,80;-1,02;2,97;5,06;55,75;48,74;0,00
128,81;-1,02;2,97;5,06;55,75;48,74;0,00
128,83;-1,02;2,97;5,06;55,75;48,74;0,00
128,85;-1,02;2,97;5,06;55,75;48,74;0,00
128,86;-1,02;2,97;5,06;55,75;48,74;0,00
128,86;0,49;1,79;4,06;55,75;48,74;0,00
128,87;0,49;1,79;4,06;55,75;48,74;0,00
128,89;0,49;1,79;4,06;55,75;48,74;0,00
128,91;0,49;1,79;4,06;55,75;48,74;0,00
128,93;0,49;1,79;4,06;55,75;48,74;0,00
128,93;0,49;1,79;4,06;55,75;48,74;0,00
128,94;-0,50;-1,25;0,89;55,75;48,74;0,00
128,95;-0,50;-1,25;0,89;55,75;48,74;0,00
128,97;-0,50;-1,25;0,89;55,75;48,74;0,00
128,99;-0,50;-1,25;0,89;55,75;48,74;0,00
128,99;-0,50;-1,25;0,89;55,75;48,74;0,00
128,99;0,21;-2,00;-0,85;55,75;48,74;0,00
129,01;0,21;-2,00;-0,85;55,75;48,74;0,00
129,03;0,21;-2,00;-0,85;55,75;48,74;0,00
129,05;0,21;-2,00;-0,85;55,75;48,74;0,00
129,07;0,21;-2,00;-0,85;55,75;48,74;0,00
129,07;-0,98;-1,83;-2,19;55,75;48,74;0,00
129,07;-0,98;-1,83;-2,19;55,75;48,74;0,00
129,09;-0,98;-1,83;-2,19;55,75;48,74;0,00
129,11;-0,98;-1,83;-2,19;55,75;48,74;0,00
129,13;-0,98;-1,83;-2,19;55,75;48,74;0,00
129,13;-0,98;-1,83;-2,19;55,75;48,74;0,00
129,13;-0,22;-0,63;-3,38;55,75;48,74;0,00
129,15;-0,22;-0,63;-3,38;55,75;48,74;0,00
129,17;-0,22;-0,63;-3,38;55,75;48,74;0,00
129,19;-0,22;-0,63;-3,38;55,75;48,74;0,00
129,19;-0,22;-0,63;-3,38;55,75;48,74;0,00
129,19;-0,46;0,23;-1,80;55,75;48,74;0,00
129,21;-0,46;0,23;-1,80;55,75;48,74;0,00
129,23;-0,46;0,23;-1,80;55,75;48,74;0,00
129,25;-0,46;0,23;-1,80;55,75;48,74;0,00
129,27;-0,46;0,23;-1,80;55,75;48,74;0,00
129,27;-0,46;0,23;-1,80;55,75;48,74;0,00
129,27;0,52;0,93;0,24;55,75;48,74;0,00
129,29;0,52;0,93;0,24;55,75;48,74;0,00
129,31;0,52;0,93;0,24;55,75;48,74;0,00
129,33;0,52;0,93;0,24;55,75;48,74;0,00
129,33;0,52;0,93;0,24;55,75;48,74;0,00
129,33;0,88;0,88;1,07;55,75;48,74;0,00
129,35;0,88;0,88;1,07;55,75;48,74;0,00
129,37;0,88;0,88;1,07;55,75;48,74;0,00
129,38;0,88;0,88;1,07;55,75;48,74;0,00
129,40;2,01;0,28;2,49;55,75;48,74;0,00
129,41;2,01;0,28;2,49;55,75;48,74;0,00
129,41;2,01;0,28;2,49;55,75;48,74;0,00
129,42;2,01;0,28;2,49;55,75;48,74;0,00
129,44;2,01;0,28;2,49;55,75;48,74;0,00
129,46;2,01;0,28;2,49;55,75;48,74;0,00
129,47;2,01;0,28;2,49;55,75;48,74;0,00
129,47;3,11;-1,35;5,33;55,75;48,74;0,00
129,48;3,11;-1,35;5,33;55,75;48,74;0,00
129,50;3,11;-1,35;5,33;55,75;48,74;0,00
129,52;3,11;-1,35;5,33;55,75;48,74;0,00
129,52;3,09;-1,80;0,81;55,75;48,74;0,00
129,53;3,09;-1,80;0,81;55,75;48,74;0,00
129,54;3,09;-1,80;0,81;55,75;48,74;0,00
129,56;3,09;-1,80;0,81;55,75;48,74;0,00
129,58;3,09;-1,80;0,81;55,75;48,74;0,00
129,60;3,09;-1,80;0,81;55,75;48,74;0,00
129,60;3,09;-1,80;0,81;55,75;48,74;0,00
129,60;-0,54;-1,53;-2,11;55,75;48,74;0,00
129,62;-0,54;-1,53;-2,11;55,75;48,74;0,00
129,64;-0,54;-1,53;-2,11;55,75;48,74;0,00
129,66;-0,54;-1,53;-2,11;55,75;48,74;0,00
129,66;-0,54;-1,53;-2,11;55,75;48,74;0,00
129,66;-1,98;-1,94;-4,01;55,75;48,74;0,00
129,68;-1,98;-1,94;-4,01;55,75;48,74;0,00
129,70;-1,98;-1,94;-4,01;55,75;48,74;0,00
129,72;-1,98;-1,94;-4,01;55,75;48,74;0,00
129,72;-1,98;-1,94;-4,01;55,75;48,74;0,00
129,72;-1,59;-1,52;-3,48;55,75;48,74;0,00
129,74;-1,59;-1,52;-3,48;55,75;48,74;0,00
129,76;-1,59;-1,52;-3,48;55,75;48,74;0,00
129,78;-1,59;-1,52;-3,48;55,75;48,74;0,00
129,80;-1,59;-1,52;-3,48;55,75;48,74;0,00
129,80;-1,59;-1,52;-3,48;55,75;48,74;0,00
129,80;-1,92;0,52;-1,55;55,75;48,74;0,00
129,82;-1,92;0,52;-1,55;55,75;48,74;0,00
129,84;-1,92;0,52;-1,55;55,75;48,74;0,00
129,86;-1,92;0,52;-1,55;55,75;48,74;0,00
129,86;-1,92;0,52;-1,55;55,75;48,74;0,00
129,86;0,05;3,68;-0,62;55,75;48,74;0,00
129,88;0,05;3,68;-0,62;55,75;48,74;0,00
129,90;0,05;3,68;-0,62;55,75;48,74;0,00
129,92;0,05;3,68;-0,62;55,75;48,74;0,00
129,94;0,05;3,68;-0,62;55,75;48,74;0,00
129,94;-1,31;2,35;7,47;55,75;48,74;0,00
129,94;-1,31;2,35;7,47;55,75;48,74;0,00
129,96;-1,31;2,35;7,47;55,75;48,74;0,00
129,97;-1,31;2,35;7,47;55,75;48,74;0,00
130,00;-1,31;2,35;7,47;55,75;48,74;0,37
130,00;-1,31;2,35;7,47;55,75;48,74;0,37
130,00;-1,33;-1,03;4,55;55,75;48,74;0,37
130,01;-1,33;-1,03;4,55;55,75;48,74;0,37
130,03;-1,33;-1,03;4,55;55,75;48,74;0,37
130,05;-1,33;-1,03;4,55;55,75;48,74;0,37
130,06;-1,33;-1,03;4,55;55,75;48,74;0,37
130,06;-1,49;-1,50;-0,48;55,75;48,74;0,37
130,07;-1,49;-1,50;-0,48;55,75;48,74;0,37
130,09;-1,49;-1,50;-0,48;55,75;48,74;0,37
130,11;-1,49;-1,50;-0,48;55,75;48,74;0,37
130,13;-1,49;-1,50;-0,48;55,75;48,74;0,37
130,13;-1,49;-1,50;-0,48;55,75;48,74;0,37
130,13;-0,45;-0,78;-1,88;55,75;48,74;0,37
130,15;-0,45;-0,78;-1,88;55,75;48,74;0,37
130,17;-0,45;-0,78;-1,88;55,75;48,74;0,37
130,19;-0,45;-0,78;-1,88;55,75;48,74;0,37
130,19;-1,39;-0,69;-3,69;55,75;48,74;0,37
130,20;-1,39;-0,69;-3,69;55,75;48,74;0,37
130,21;-1,39;-0,69;-3,69;55,75;48,74;0,37
130,23;-1,39;-0,69;-3,69;55,75;48,74;0,37
130,25;-1,39;-0,69;-3,69;55,75;48,74;0,37
130,27;-1,39;-0,69;-3,69;55,75;48,74;0,37
130,27;-1,39;-0,69;-3,69;55,75;48,74;0,37
130,27;-1,29;-0,45;-3,60;55,75;48,74;0,37
130,29;-1,29;-0,45;-3,60;55,75;48,74;0,37
130,31;-1,29;-0,45;-3,60;55,75;48,74;0,37
130,33;-1,29;-0,45;-3,60;55,75;48,74;0,37
130,33;-1,52;0,37;-1,40;55,75;48,74;0,37
130,33;-1,52;0,37;-1,40;55,75;48,74;0,37
130,35;-1,52;0,37;-1,40;55,75;48,74;0,37
130,37;-1,52;0,37;-1,40;55,75;48,74;0,37
130,39;-1,52;0,37;-1,40;55,75;48,74;0,37
130,39;-1,52;0,37;-1,40;55,75;48,74;0,37
130,39;0,70;1,01;2,06;55,75;48,74;0,37
130,41;0,70;1,01;2,06;55,75;48,74;0,37
130,43;0,70;1,01;2,06;55,75;48,74;0,37
130,45;0,70;1,01;2,06;55,75;48,74;0,37
130,47;0,70;1,01;2,06;55,75;48,74;0,37
130,47;0,70;1,01;2,06;55,75;48,74;0,37
130,47;0,70;0,34;3,34;55,75;48,74;0,37
130,49;0,70;0,34;3,34;55,75;48,74;0,37
130,51;0,70;0,34;3,34;55,75;48,74;0,37
130,53;0,70;0,34;3,34;55,75;48,74;0,37
130,53;0,70;0,34;3,34;55,75;48,74;0,37
130,53;1,88;0,43;2,55;55,75;48,74;0,37
130,55;1,88;0,43;2,55;55,75;48,74;0,37
130,57;1,88;0,43;2,55;55,75;48,74;0,37
130,59;1,88;0,43;2,55;55,75;48,74;0,37
130,61;1,88;0,43;2,55;55,75;48,74;0,37
130,61;1,88;0,43;2,55;55,75;48,74;0,37
130,61;3,40;-1,56;2,98;55,75;48,74;0,37
130,62;3,40;-1,56;2,98;55,75;48,74;0,37
130,64;3,40;-1,56;2,98;55,75;48,74;0,37
130,66;3,90;-1,74;0,03;55,75;48,74;0,37
130,67;3,90;-1,74;0,03;55,75;48,74;0,37
130,67;3,90;-1,74;0,03;55,75;48,74;0,37
130,68;3,90;-1,74;0,03;55,75;48,74;0,37
130,70;3,90;-1,74;0,03;55,75;48,74;0,37
130,72;3,90;-1,74;0,03;55,75;48,74;0,37
130,72;0,51;-1,32;-2,35;55,75;48,74;0,37
130,73;0,51;-1,32;-2,35;55,75;48,74;0,37
130,74;0,51;-1,32;-2,35;55,75;48,74;0,37
130,76;0,51;-1,32;-2,35;55,75;48,74;0,37
130,78;0,51;-1,32;-2,35;55,75;48,74;0,37
130,80;0,51;-1,32;-2,35;55,75;48,74;0,37
130,80;-0,59;-1,41;-4,37;55,75;48,74;0,37
130,80;-0,59;-1,41;-4,37;55,75;48,74;0,37
130,82;-0,59;-1,41;-4,37;55,75;48,74;0,37
130,84;-0,59;-1,41;-4,37;55,75;48,74;0,37
130,86;-0,95;-0,81;-3,82;55,75;48,74;0,37
130,86;-0,95;-0,81;-3,82;55,75;48,74;0,37
130,86;-0,95;-0,81;-3,82;55,75;48,74;0,37
130,88;-0,95;-0,81;-3,82;55,75;48,74;0,37
130,90;-0,95;-0,81;-3,82;55,75;48,74;0,37
130,92;-0,95;-0,81;-3,82;55,75;48,74;0,37
130,92;-1,75;0,50;0,11;55,75;48,74;0,37
130,92;-1,75;0,50;0,11;55,75;48,74;0,37
130,94;-1,75;0,50;0,11;55,75;48,74;0,37
130,96;-1,75;0,50;0,11;55,75;48,74;0,37
130,98;-1,75;0,50;0,11;55,75;48,74;0,37
131,00;-1,75;0,50;0,11;55,75;48,74;0,33
131,00;-1,75;0,50;0,11;55,75;48,74;0,33
131,00;-0,86;2,67;2,25;55,75;48,74;0,33
131,02;-0,86;2,67;2,25;55,75;48,74;0,33
131,04;-0,86;2,67;2,25;55,75;48,74;0,33
131,06;-0,86;2,67;2,25;55,75;48,74;0,33
131,06;-0,86;2,67;2,25;55,75;48,74;0,33
131,06;-1,03;2,75;5,42;55,75;48,74;0,33
131,08;-1,03;2,75;5,42;55,75;48,74;0,33
131,10;-1,03;2,75;5,42;55,75;48,74;0,33
131,12;-1,03;2,75;5,42;55,75;48,74;0,33
131,14;-1,03;2,75;5,42;55,75;48,74;0,33
131,14;-0,30;0,80;2,35;55,75;48,74;0,33
131,14;-0,30;0,80;2,35;55,75;48,74;0,33
131,16;-0,30;0,80;2,35;55,75;48,74;0,33
131,18;-0,30;0,80;2,35;55,75;48,74;0,33
131,19;-0,30;0,80;2,35;55,75;48,74;0,33
131,20;-1,67;-1,36;0,03;55,75;48,74;0,33
131,20;-1,67;-1,36;0,03;55,75;48,74;0,33
131,21;-1,67;-1,36;0,03;55,75;48,74;0,33
131,23;-1,67;-1,36;0,03;55,75;48,74;0,33
131,25;-1,67;-1,36;0,03;55,75;48,74;0,33
131,26;-1,67;-1,36;0,03;55,75;48,74;0,33
131,26;-0,81;-2,55;-1,39;55,75;48,74;0,33
131,27;-0,81;-2,55;-1,39;55,75;48,74;0,33
131,29;-0,81;-2,55;-1,39;55,75;48,74;0,33
131,31;-0,81;-2,55;-1,39;55,75;48,74;0,33
131,33;-0,81;-2,55;-1,39;55,75;48,74;0,33
131,33;-0,81;-2,55;-1,39;55,75;48,74;0,33
131,33;-1,00;-2,30;-3,27;55,75;48,74;0,33
131,35;-1,00;-2,30;-3,27;55,75;48,74;0,33
131,37;-1,00;-2,30;-3,27;55,75;48,74;0,33
131,39;-1,00;-2,30;-3,27;55,75;48,74;0,33
131,39;-0,53;-0,91;-2,91;55,75;48,74;0,33
131,39;-0,53;-0,91;-2,91;55,75;48,74;0,33
131,41;-0,53;-0,91;-2,91;55,75;48,74;0,33
131,43;-0,53;-0,91;-2,91;55,75;48,74;0,33
131,45;-0,53;-0,91;-2,91;55,75;48,74;0,33
131,47;-0,53;-0,91;-2,91;55,75;48,74;0,33
131,47;-0,26;0,54;-0,46;55,75;48,74;0,33
131,47;-0,26;0,54;-0,46;55,75;48,74;0,33
131,49;-0,26;0,54;-0,46;55,75;48,74;0,33
131,51;-0,26;0,54;-0,46;55,75;48,74;0,33
131,53;-0,26;0,54;-0,46;55,75;48,74;0,33
131,53;-0,26;0,54;-0,46;55,75;48,74;0,33
131,53;0,98;1,10;1,35;55,75;48,74;0,33
131,55;0,98;1,10;1,35;55,75;48,74;0,33
131,57;0,98;1,10;1,35;55,75;48,74;0,33
131,59;0,98;1,10;1,35;55,75;48,74;0,33
131,59;0,98;1,10;1,35;55,75;48,74;0,33
131,59;1,29;1,34;2,69;55,75;48,74;0,33
131,61;1,29;1,34;2,69;55,75;48,74;0,33
131,63;1,29;1,34;2,69;55,75;48,74;0,33
131,65;1,29;1,34;2,69;55,75;48,74;0,33
131,67;1,29;1,34;2,69;55,75;48,74;0,33
131,67;1,29;1,34;2,69;55,75;48,74;0,33
131,67;2,51;0,99;2,01;55,75;48,74;0,33
131,69;2,51;0,99;2,01;55,75;48,74;0,33
131,71;2,51;0,99;2,01;55,75;48,74;0,33
131,73;2,51;0,99;2,01;55,75;48,74;0,33
131,73;2,51;0,99;2,01;55,75;48,74;0,33
131,73;0,89;-1,37;2,44;55,75;48,74;0,33
131,74;0,89;-1,37;2,44;55,75;48,74;0,33
131,76;0,89;-1,37;2,44;55,75;48,74;0,33
131,78;0,89;-1,37;2,44;55,75;48,74;0,33
131,80;0,89;-1,37;2,44;55,75;48,74;0,33
131,81;2,11;-1,08;-0,68;55,75;48,74;0,33
131,81;2,11;-1,08;-0,68;55,75;48,74;0,33
131,82;2,11;-1,08;-0,68;55,75;48,74;0,33
131,84;2,11;-1,08;-0,68;55,75;48,74;0,33
131,86;2,11;-1,08;-0,68;55,75;48,74;0,33
131,86;2,11;-1,08;-0,68;55,75;48,74;0,33
131,87;0,31;-0,95;-0,94;55,75;48,74;0,33
131,88;0,31;-0,95;-0,94;55,75;48,74;0,33
131,90;0,31;-0,95;-0,94;55,75;48,74;0,33
131,92;0,31;-0,95;-0,94;55,75;48,74;0,33
131,92;-1,35;-0,78;-3,03;55,75;48,74;0,33
131,93;-1,35;-0,78;-3,03;55,75;48,74;0,33
131,94;-1,35;-0,78;-3,03;55,75;48,74;0,33
131,97;-1,35;-0,78;-3,03;55,75;48,74;0,33
131,98;-1,35;-0,78;-3,03;55,75;48,74;0,33
132,00;-1,35;-0,78;-3,03;55,75;48,74;0,66
132,00;-0,80;-0,12;-3,63;55,75;48,74;0,66
132,00;-0,80;-0,12;-3,63;55,75;48,74;0,66
132,02;-0,80;-0,12;-3,63;55,75;48,74;0,66
132,04;-0,80;-0,12;-3,63;55,75;48,74;0,66
132,06;-0,80;-0,12;-3,63;55,75;48,74;0,66
132,06;-0,80;-0,12;-3,63;55,75;48,74;0,66
132,06;-0,75;0,70;-2,01;55,75;48,74;0,66
132,08;-0,75;0,70;-2,01;55,75;48,74;0,66
132,10;-0,75;0,70;-2,01;55,75;48,74;0,66
132,12;-0,75;0,70;-2,01;55,75;48,74;0,66
132,14;-0,75;0,70;-2,01;55,75;48,74;0,66
132,14;0,00;1,08;1,64;55,75;48,74;0,66
132,14;0,00;1,08;1,64;55,75;48,74;0,66
132,16;0,00;1,08;1,64;55,75;48,74;0,66
132,18;0,00;1,08;1,64;55,75;48,74;0,66
132,20;0,00;1,08;1,64;55,75;48,74;0,66
132,20;0,13;0,86;4,01;55,75;48,74;0,66
132,20;0,13;0,86;4,01;55,75;48,74;0,66
132,22;0,13;0,86;4,01;55,75;48,74;0,66
132,24;0,13;0,86;4,01;55,75;48,74;0,66
132,26;0,13;0,86;4,01;55,75;48,74;0,66
132,26;-0,56;0,61;2,82;55,75;48,74;0,66
132,26;-0,56;0,61;2,82;55,75;48,74;0,66
132,28;-0,56;0,61;2,82;55,75;48,74;0,66
132,30;-0,56;0,61;2,82;55,75;48,74;0,66
132,32;-0,56;0,61;2,82;55,75;48,74;0,66
132,33;-0,56;0,61;2,82;55,75;48,74;0,66
132,34;-1,27;-0,56;1,08;55,75;48,74;0,66
132,34;-1,27;-0,56;1,08;55,75;48,74;0,66
132,36;-1,27;-0,56;1,08;55,75;48,74;0,66
132,37;-1,27;-0,56;1,08;55,75;48,74;0,66
132,39;-1,27;-0,56;1,08;55,75;48,74;0,66
132,40;-1,27;-0,56;1,08;55,75;48,74;0,66
132,40;-0,54;-1,34;0,55;55,75;48,74;0,66
132,41;-0,54;-1,34;0,55;55,75;48,74;0,66
132,43;-0,54;-1,34;0,55;55,75;48,74;0,66
132,45;-0,54;-1,34;0,55;55,75;48,74;0,66
132,45;-0,64;-1,16;-2,97;55,75;48,74;0,66
132,46;-0,64;-1,16;-2,97;55,75;48,74;0,66
132,47;-0,64;-1,16;-2,97;55,75;48,74;0,66
132,49;-0,64;-1,16;-2,97;55,75;48,74;0,66
132,51;-0,64;-1,16;-2,97;55,75;48,74;0,66
132,53;-0,64;-1,16;-2,97;55,75;48,74;0,66
132,53;-0,52;-0,51;-4,50;55,75;48,74;0,66
132,53;-0,52;-0,51;-4,50;55,75;48,74;0,66
132,55;-0,52;-0,51;-4,50;55,75;48,74;0,66
132,57;-0,52;-0,51;-4,50;55,75;48,74;0,66
132,59;-0,52;-0,51;-4,50;55,75;48,74;0,66
132,59;0,15;0,05;-1,68;55,75;48,74;0,66
132,59;0,15;0,05;-1,68;55,75;48,74;0,66
132,61;0,15;0,05;-1,68;55,75;48,74;0,66
132,63;0,15;0,05;-1,68;55,75;48,74;0,66
132,65;0,15;0,05;-1,68;55,75;48,74;0,66
132,67;0,15;0,05;-1,68;55,75;48,74;0,66
132,67;0,15;0,05;-1,68;55,75;48,74;0,66
132,67;0,78;0,84;0,97;55,75;48,74;0,66
132,69;0,78;0,84;0,97;55,75;48,74;0,66
132,71;0,78;0,84;0,97;55,75;48,74;0,66
132,73;0,78;0,84;0,97;55,75;48,74;0,66
132,73;0,66;1,56;1,34;55,75;48,74;0,66
132,73;0,66;1,56;1,34;55,75;48,74;0,66
132,75;0,66;1,56;1,34;55,75;48,74;0,66
132,77;0,66;1,56;1,34;55,75;48,74;0,66
132,79;0,66;1,56;1,34;55,75;48,74;0,66
132,79;0,84;0,58;3,42;55,75;48,74;0,66
132,79;0,84;0,58;3,42;55,75;48,74;0,66
132,81;0,84;0,58;3,42;55,75;48,74;0,66
132,83;0,84;0,58;3,42;55,75;48,74;0,66
132,85;0,84;0,58;3,42;55,75;48,74;0,66
132,87;0,84;0,58;3,42;55,75;48,74;0,66
132,87;0,84;0,58;3,42;55,75;48,74;0,66
132,87;1,35;-1,35;4,01;55,75;48,74;0,66
132,89;1,35;-1,35;4,01;55,75;48,74;0,66
132,90;1,35;-1,35;4,01;55,75;48,74;0,66
132,93;1,35;-1,35;4,01;55,75;48,74;0,66
132,93;2,29;-1,21;-0,20;55,75;48,74;0,66
132,93;2,29;-1,21;-0,20;55,75;48,74;0,66
132,95;2,29;-1,21;-0,20;55,75;48,74;0,66
132,96;2,29;-1,21;-0,20;55,75;48,74;0,66
132,98;2,29;-1,21;-0,20;55,75;48,74;0,67
133,00;2,29;-1,21;-0,20;55,75;48,74;0,67
133,00;2,29;-1,21;-0,20;55,75;48,74;0,67
133,00;-0,13;-1,04;-2,21;55,75;48,74;0,67
133,02;-0,13;-1,04;-2,21;55,75;48,74;0,67
133,04;-0,13;-1,04;-2,21;55,75;48,74;0,67
133,06;-0,13;-1,04;-2,21;55,75;48,74;0,67
133,06;-0,99;-0,72;-3,98;55,75;48,74;0,67
133,06;-0,99;-0,72;-3,98;55,75;48,74;0,67
133,08;-0,99;-0,72;-3,98;55,75;48,74;0,67
133,10;-0,99;-0,72;-3,98;55,75;48,74;0,67
133,12;-0,99;-0,72;-3,98;55,75;48,74;0,67
133,12;-0,18;-0,18;-2,25;55,75;48,74;0,67
133,12;-0,18;-0,18;-2,25;55,75;48,74;0,67
133,14;-0,18;-0,18;-2,25;55,75;48,74;0,67
133,16;-0,18;-0,18;-2,25;55,75;48,74;0,67
133,18;-0,18;-0,18;-2,25;55,75;48,74;0,67
133,20;-0,18;-0,18;-2,25;55,75;48,74;0,67
133,20;-0,23;0,64;-0,49;55,75;48,74;0,67
133,20;-0,23;0,64;-0,49;55,75;48,74;0,67
133,22;-0,23;0,64;-0,49;55,75;48,74;0,67
133,24;-0,23;0,64;-0,49;55,75;48,74;0,67
133,26;-0,23;0,64;-0,49;55,75;48,74;0,67
133,26;-0,23;0,64;-0,49;55,75;48,74;0,67
133,26;-0,61;1,06;0,82;55,75;48,74;0,67
133,28;-0,61;1,06;0,82;55,75;48,74;0,67
133,30;-0,61;1,06;0,82;55,75;48,74;0,67
133,32;-0,61;1,06;0,82;55,75;48,74;0,67
133,34;-0,61;1,06;0,82;55,75;48,74;0,67
133,34;-1,23;0,90;2,57;55,75;48,74;0,67
133,34;-1,23;0,90;2,57;55,75;48,74;0,67
133,36;-1,23;0,90;2,57;55,75;48,74;0,67
133,38;-1,23;0,90;2,57;55,75;48,74;0,67
133,40;-1,23;0,90;2,57;55,75;48,74;0,67
133,40;-1,23;0,90;2,57;55,75;48,74;0,67
133,40;-1,04;1,21;2,33;55,75;48,74;0,67
133,42;-1,04;1,21;2,33;55,75;48,74;0,67
133,44;-1,04;1,21;2,33;55,75;48,74;0,67
133,46;-1,04;1,21;2,33;55,75;48,74;0,67
133,46;-1,13;-0,14;0,88;55,75;48,74;0,67
133,46;-1,13;-0,14;0,88;55,75;48,74;0,67
133,48;-1,13;-0,14;0,88;55,75;48,74;0,67
133,50;-1,13;-0,14;0,88;55,75;48,74;0,67
133,52;-1,13;-0,14;0,88;55,75;48,74;0,67
133,54;-1,13;-0,14;0,88;55,75;48,74;0,67
133,54;-0,54;-1,19;0,19;55,75;48,74;0,67
133,54;-0,54;-1,19;0,19;55,75;48,74;0,67
133,55;-0,54;-1,19;0,19;55,75;48,74;0,67
133,57;-0,54;-1,19;0,19;55,75;48,74;0,67
133,59;-0,54;-1,19;0,19;55,75;48,74;0,67
133,59;-0,42;-1,51;-1,71;55,75;48,74;0,67
133,60;-0,42;-1,51;-1,71;55,75;48,74;0,67
133,61;-0,42;-1,51;-1,71;55,75;48,74;0,67
133,63;-0,42;-1,51;-1,71;55,75;48,74;0,67
133,65;-0,42;-1,51;-1,71;55,75;48,74;0,67
133,65;-0,75;-0,99;-3,54;55,75;48,74;0,67
133,66;-0,75;-0,99;-3,54;55,75;48,74;0,67
133,67;-0,75;-0,99;-3,54;55,75;48,74;0,67
133,69;-0,75;-0,99;-3,54;55,75;48,74;0,67
133,71;-0,75;-0,99;-3,54;55,75;48,74;0,67
133,73;-0,75;-0,99;-3,54;55,75;48,74;0,67
133,73;-0,75;-0,99;-3,54;55,75;48,74;0,67
133,73;0,20;0,15;-0,96;55,75;48,74;0,67
133,75;0,20;0,15;-0,96;55,75;48,74;0,67
133,77;0,20;0,15;-0,96;55,75;48,74;0,67
133,79;0,20;0,15;-0,96;55,75;48,74;0,67
133,79;0,20;0,15;-0,96;55,75;48,74;0,67
133,79;0,53;1,02;0,63;55,75;48,74;0,67
133,81;0,53;1,02;0,63;55,75;48,74;0,67
133,83;0,53;1,02;0,63;55,75;48,74;0,67
133,85;0,53;1,02;0,63;55,75;48,74;0,67
133,87;0,53;1,02;0,63;55,75;48,74;0,67
133,87;0,53;1,02;0,63;55,75;48,74;0,67
133,87;0,44;1,50;0,94;55,75;48,74;0,67
133,89;0,44;1,50;0,94;55,75;48,74;0,67
133,91;0,44;1,50;0,94;55,75;48,74;0,67
133,93;0,44;1,50;0,94;55,75;48,74;0,67
133,93;0,44;1,50;0,94;55,75;48,74;0,67
133,93;0,24;1,03;3,12;55,75;48,74;0,67
133,95;0,24;1,03;3,12;55,75;48,74;0,67
133,97;0,24;1,03;3,12;55,75;48,74;0,67
133,99;0,24;1,03;3,12;55,75;48,74;0,70
133,99;0,24;1,03;3,12;55,75;48,74;0,70
133,99;0,55;-0,64;3,03;55,75;48,74;0,70
134,01;0,55;-0,64;3,03;55,75;48,74;0,70
134,03;0,55;-0,64;3,03;55,75;48,74;0,70
134,05;0,55;-0,64;3,03;55,75;48,74;0,70
134,07;0,55;-0,64;3,03;55,75;48,74;0,70
134,07;0,55;-0,64;3,03;55,75;48,74;0,70
134,07;1,29;-1,20;0,01;55,75;48,74;0,70
134,08;1,29;-1,20;0,01;55,75;48,74;0,70
134,10;1,29;-1,20;0,01;55,75;48,74;0,70
134,13;1,18;-1,09;-0,96;55,75;48,74;0,70
134,13;1,18;-1,09;-0,96;55,75;48,74;0,70
134,13;1,18;-1,09;-0,96;55,75;48,74;0,70
134,14;1,18;-1,09;-0,96;55,75;48,74;0,70
134,16;1,18;-1,09;-0,96;55,75;48,74;0,70
134,18;1,18;-1,09;-0,96;55,75;48,74;0,70
134,20;1,18;-1,09;-0,96;55,75;48,74;0,70
134,20;-0,73;-0,80;-3,78;55,75;48,74;0,70
134,21;-0,73;-0,80;-3,78;55,75;48,74;0,70
134,22;-0,73;-0,80;-3,78;55,75;48,74;0,70
134,24;-0,73;-0,80;-3,78;55,75;48,74;0,70
134,26;-0,73;-0,80;-3,78;55,75;48,74;0,70
134,26;-0,73;-0,80;-3,78;55,75;48,74;0,70
134,26;-0,48;-0,32;-3,36;55,75;48,74;0,70
134,28;-0,48;-0,32;-3,36;55,75;48,74;0,70
134,30;-0,48;-0,32;-3,36;55,75;48,74;0,70
134,32;0,05;0,43;-1,13;55,75;48,74;0,70
134,32;0,05;0,43;-1,13;55,75;48,74;0,70
134,32;0,05;0,43;-1,13;55,75;48,74;0,70
134,34;0,05;0,43;-1,13;55,75;48,74;0,70
134,36;0,05;0,43;-1,13;55,75;48,74;0,70
134,38;0,05;0,43;-1,13;55,75;48,74;0,70
134,40;0,43;1,30;0,09;55,75;48,74;0,70
134,40;0,43;1,30;0,09;55,75;48,74;0,70
134,40;0,43;1,30;0,09;55,75;48,74;0,70
134,42;0,43;1,30;0,09;55,75;48,74;0,70
134,44;0,43;1,30;0,09;55,75;48,74;0,70
134,46;0,43;1,30;0,09;55,75;48,74;0,70
134,46;0,43;1,30;0,09;55,75;48,74;0,70
134,46;-0,07;1,29;2,73;55,75;48,74;0,70
134,48;-0,07;1,29;2,73;55,75;48,74;0,70
134,50;-0,07;1,29;2,73;55,75;48,74;0,70
134,52;-0,07;1,29;2,73;55,75;48,74;0,70
134,54;-0,07;1,29;2,73;55,75;48,74;0,70
134,54;-1,29;1,47;2,98;55,75;48,74;0,70
134,54;-1,29;1,47;2,98;55,75;48,74;0,70
134,56;-1,29;1,47;2,98;55,75;48,74;0,70
134,58;-1,29;1,47;2,98;55,75;48,74;0,70
134,60;-1,29;1,47;2,98;55,75;48,74;0,70
134,60;-1,29;1,47;2,98;55,75;48,74;0,70
134,60;-2,29;-0,17;2,92;55,75;48,74;0,70
134,62;-2,29;-0,17;2,92;55,75;48,74;0,70
134,64;-2,29;-0,17;2,92;55,75;48,74;0,70
134,66;-2,29;-0,17;2,92;55,75;48,74;0,70
134,66;-2,29;-0,17;2,92;55,75;48,74;0,70
134,66;-0,85;-1,39;0,89;55,75;48,74;0,70
134,68;-0,85;-1,39;0,89;55,75;48,74;0,70
134,69;-0,85;-1,39;0,89;55,75;48,74;0,70
134,71;-0,85;-1,39;0,89;55,75;48,74;0,70
134,73;-0,85;-1,39;0,89;55,75;48,74;0,70
134,74;-0,34;-1,58;-1,20;55,75;48,74;0,70
134,74;-0,34;-1,58;-1,20;55,75;48,74;0,70
134,75;-0,34;-1,58;-1,20;55,75;48,74;0,70
134,77;-0,34;-1,58;-1,20;55,75;48,74;0,70
134,79;-0,34;-1,58;-1,20;55,75;48,74;0,70
134,80;-0,34;-1,58;-1,20;55,75;48,74;0,70
134,80;-0,39;-1,28;-4,11;55,75;48,74;0,70
134,81;-0,39;-1,28;-4,11;55,75;48,74;0,70
134,83;-0,39;-1,28;-4,11;55,75;48,74;0,70
134,85;-0,39;-1,28;-4,11;55,75;48,74;0,70
134,86;-0,03;-0,90;-2,28;55,75;48,74;0,70
134,86;-0,03;-0,90;-2,28;55,75;48,74;0,70
134,87;-0,03;-0,90;-2,28;55,75;48,74;0,70
134,89;-0,03;-0,90;-2,28;55,75;48,74;0,70
134,91;-0,03;-0,90;-2,28;55,75;48,74;0,70
134,93;-0,03;-0,90;-2,28;55,75;48,74;0,70
134,93;-0,03;-0,90;-2,28;55,75;48,74;0,70
134,93;0,83;0,29;-0,05;55,75;48,74;0,70
134,96;0,83;0,29;-0,05;55,75;48,74;0,70
134,97;0,83;0,29;-0,05;55,75;48,74;0,70
134,99;0,83;0,29;-0,05;55,75;48,74;0,70
134,99;0,83;0,29;-0,05;55,75;48,74;0,70
134,99;0,69;1,55;0,57;55,75;48,74;0,70
135,01;0,69;1,55;0,57;55,75;48,74;0,70
135,03;0,69;1,55;0,57;55,75;48,74;0,70
135,05;0,69;1,55;0,57;55,75;48,74;0,70
135,07;0,69;1,55;0,57;55,75;48,74;0,70
135,07;0,69;1,55;0,57;55,75;48,74;0,70
135,07;-0,45;2,26;1,36;55,75;48,74;0,70
135,09;-0,45;2,26;1,36;55,75;48,74;0,70
135,11;-0,45;2,26;1,36;55,75;48,74;0,70
135,13;-0,45;2,26;1,36;55,75;48,74;0,70
135,13;-0,45;2,26;1,36;55,75;48,74;0,70
135,13;-0,65;0,57;5,15;55,75;48,74;0,70
135,15;-0,65;0,57;5,15;55,75;48,74;0,70
135,17;-0,65;0,57;5,15;55,75;48,74;0,70
135,19;-0,65;0,57;5,15;55,75;48,74;0,70
135,19;-0,65;0,57;5,15;55,75;48,74;0,70
135,19;1,06;-1,78;1,88;55,75;48,74;0,70
135,21;1,06;-1,78;1,88;55,75;48,74;0,70
135,23;1,06;-1,78;1,88;55,75;48,74;0,70
135,25;1,06;-1,78;1,88;55,75;48,74;0,70
135,27;1,06;-1,78;1,88;55,75;48,74;0,70
135,27;3,12;-1,77;-4,49;55,75;48,74;0,70
135,27;3,12;-1,77;-4,49;55,75;48,74;0,70
135,29;3,12;-1,77;-4,49;55,75;48,74;0,70
135,30;3,12;-1,77;-4,49;55,75;48,74;0,70
135,32;3,12;-1,77;-4,49;55,75;48,74;0,70
135,33;3,12;-1,77;-4,49;55,75;48,74;0,70
135,33;0,17;-0,93;-1,76;55,75;48,74;0,70
135,34;0,17;-0,93;-1,76;55,75;48,74;0,70
135,36;0,17;-0,93;-1,76;55,75;48,74;0,70
135,38;0,17;-0,93;-1,76;55,75;48,74;0,70
135,40;0,17;-0,93;-1,76;55,75;48,74;0,70
135,40;0,01;-1,44;-1,64;55,75;48,74;0,70
135,41;0,01;-1,44;-1,64;55,75;48,74;0,70
135,42;0,01;-1,44;-1,64;55,75;48,74;0,70
135,44;0,01;-1,44;-1,64;55,75;48,74;0,70
135,46;0,01;-1,44;-1,64;55,75;48,74;0,70
135,46;0,01;-1,44;-1,64;55,75;48,74;0,70
135,46;0,96;-2,07;-1,32;55,75;48,74;0,70
135,48;0,96;-2,07;-1,32;55,75;48,74;0,70
135,50;0,96;-2,07;-1,32;55,75;48,74;0,70
135,52;0,96;-2,07;-1,32;55,75;48,74;0,70
135,52;0,96;-2,07;-1,32;55,75;48,74;0,70
135,52;1,58;-1,03;1,83;55,75;48,74;0,70
135,54;1,58;-1,03;1,83;55,75;48,74;0,70
135,56;1,58;-1,03;1,83;55,75;48,74;0,70
135,58;1,58;-1,03;1,83;55,75;48,74;0,70
135,60;1,58;-1,03;1,83;55,75;48,74;0,70
135,60;1,58;-1,03;1,83;55,75;48,74;0,70
135,60;-0,06;1,82;-0,97;55,75;48,74;0,70
135,62;-0,06;1,82;-0,97;55,75;48,74;0,70
135,64;-0,06;1,82;-0,97;55,75;48,74;0,70
135,66;-0,06;1,82;-0,97;55,75;48,74;0,70
135,66;-0,06;1,82;-0,97;55,75;48,74;0,70
135,66;-2,64;2,28;1,80;55,75;48,74;0,70
135,68;-2,64;2,28;1,80;55,75;48,74;0,70
135,70;-2,64;2,28;1,80;55,75;48,74;0,70
135,72;-2,64;2,28;1,80;55,75;48,74;0,70
135,74;-2,64;2,28;1,80;55,75;48,74;0,70
135,74;-2,00;2,55;2,61;55,75;48,74;0,70
135,74;-2,00;2,55;2,61;55,75;48,74;0,70
135,76;-2,00;2,55;2,61;55,75;48,74;0,70
135,78;-2,00;2,55;2,61;55,75;48,74;0,70
135,80;-2,00;2,55;2,61;55,75;48,74;0,70
135,80;-0,24;0,00;1,62;55,75;48,74;0,70
135,80;-0,24;0,00;1,62;55,75;48,74;0,70
135,82;-0,24;0,00;1,62;55,75;48,74;0,70
135,84;-0,24;0,00;1,62;55,75;48,74;0,70
135,86;-0,24;0,00;1,62;55,75;48,74;0,70
135,86;-0,24;0,00;1,62;55,75;48,74;0,70
135,86;1,46;-1,50;0,71;55,75;48,74;0,70
135,87;1,46;-1,50;0,71;55,75;48,74;0,70
135,89;1,46;-1,50;0,71;55,75;48,74;0,70
135,91;1,46;-1,50;0,71;55,75;48,74;0,70
135,93;1,46;-1,50;0,71;55,75;48,74;0,70
135,94;0,59;-0,67;-3,79;55,75;48,74;0,70
135,94;0,59;-0,67;-3,79;55,75;48,74;0,70
135,96;0,59;-0,67;-3,79;55,75;48,74;0,70
135,97;0,59;-0,67;-3,79;55,75;48,74;0,70
135,99;0,59;-0,67;-3,79;55,75;48,74;0,61
135,99;-1,69;-0,44;-3,28;55,75;48,74;0,61
136,00;-1,69;-0,44;-3,28;55,75;48,74;0,61
136,01;-1,69;-0,44;-3,28;55,75;48,74;0,61
136,03;-1,69;-0,44;-3,28;55,75;48,74;0,61
136,05;-1,69;-0,44;-3,28;55,75;48,74;0,61
136,07;-1,69;-0,44;-3,28;55,75;48,74;0,61
136,07;-1,69;-0,44;-3,28;55,75;48,74;0,61
136,08;-1,35;-0,08;-2,02;55,75;48,74;0,61
136,09;-1,35;-0,08;-2,02;55,75;48,74;0,61
136,11;-1,35;-0,08;-2,02;55,75;48,74;0,61
136,13;-1,35;-0,08;-2,02;55,75;48,74;0,61
136,13;-1,35;-0,08;-2,02;55,75;48,74;0,61
136,13;0,40;1,23;0,71;55,75;48,74;0,61
136,15;0,40;1,23;0,71;55,75;48,74;0,61
136,17;0,40;1,23;0,71;55,75;48,74;0,61
136,19;0,40;1,23;0,71;55,75;48,74;0,61
136,19;2,35;1,25;3,51;55,75;48,74;0,61
136,19;2,35;1,25;3,51;55,75;48,74;0,61
136,21;2,35;1,25;3,51;55,75;48,74;0,61
136,23;2,35;1,25;3,51;55,75;48,74;0,61
136,25;2,35;1,25;3,51;55,75;48,74;0,61
136,27;2,35;1,25;3,51;55,75;48,74;0,61
136,27;2,35;1,25;3,51;55,75;48,74;0,61
136,27;2,66;0,94;2,02;55,75;48,74;0,61
136,29;2,66;0,94;2,02;55,75;48,74;0,61
136,31;2,66;0,94;2,02;55,75;48,74;0,61
136,33;2,66;0,94;2,02;55,75;48,74;0,61
136,33;2,66;0,94;2,02;55,75;48,74;0,61
136,33;1,71;-1,95;1,51;55,75;48,74;0,61
136,35;1,71;-1,95;1,51;55,75;48,74;0,61
136,37;1,71;-1,95;1,51;55,75;48,74;0,61
136,39;1,71;-1,95;1,51;55,75;48,74;0,61
136,39;1,71;-1,95;1,51;55,75;48,74;0,61
136,39;0,26;-2,31;-0,35;55,75;48,74;0,61
136,41;0,26;-2,31;-0,35;55,75;48,74;0,61
136,43;0,26;-2,31;-0,35;55,75;48,74;0,61
136,45;0,26;-2,31;-0,35;55,75;48,74;0,61
136,47;0,26;-2,31;-0,35;55,75;48,74;0,61
136,47;0,28;-1,49;-1,16;55,75;48,74;0,61
136,47;0,28;-1,49;-1,16;55,75;48,74;0,61
136,48;0,28;-1,49;-1,16;55,75;48,74;0,61
136,51;0,28;-1,49;-1,16;55,75;48,74;0,61
136,52;0,28;-1,49;-1,16;55,75;48,74;0,61
136,53;0,28;-1,49;-1,16;55,75;48,74;0,61
136,53;-1,82;-1,05;-3,03;55,75;48,74;0,61
136,54;-1,82;-1,05;-3,03;55,75;48,74;0,61
136,56;-1,82;-1,05;-3,03;55,75;48,74;0,61
136,58;-1,82;-1,05;-3,03;55,75;48,74;0,61
136,60;-1,82;-1,05;-3,03;55,75;48,74;0,61
136,61;-1,44;0,03;-2,46;55,75;48,74;0,61
136,61;-1,44;0,03;-2,46;55,75;48,74;0,61
136,62;-1,44;0,03;-2,46;55,75;48,74;0,61
136,64;-1,44;0,03;-2,46;55,75;48,74;0,61
136,66;-1,44;0,03;-2,46;55,75;48,74;0,61
136,66;-0,26;0,91;-0,25;55,75;48,74;0,61
136,66;-0,26;0,91;-0,25;55,75;48,74;0,61
136,68;-0,26;0,91;-0,25;55,75;48,74;0,61
136,70;-0,26;0,91;-0,25;55,75;48,74;0,61
136,72;-0,26;0,91;-0,25;55,75;48,74;0,61
136,72;-0,26;0,91;-0,25;55,75;48,74;0,61
136,72;-0,40;2,18;1,45;55,75;48,74;0,61
136,74;-0,40;2,18;1,45;55,75;48,74;0,61
136,76;-0,40;2,18;1,45;55,75;48,74;0,61
136,78;-0,40;2,18;1,45;55,75;48,74;0,61
136,80;-0,40;2,18;1,45;55,75;48,74;0,61
136,80;-0,40;2,18;1,45;55,75;48,74;0,61
136,80;-0,15;2,75;2,91;55,75;48,74;0,61
136,82;-0,15;2,75;2,91;55,75;48,74;0,61
136,84;-0,15;2,75;2,91;55,75;48,74;0,61
136,86;-0,15;2,75;2,91;55,75;48,74;0,61
136,86;-0,15;2,75;2,91;55,75;48,74;0,61
136,86;0,26;0,10;5,15;55,75;48,74;0,61
136,88;0,26;0,10;5,15;55,75;48,74;0,61
136,90;0,26;0,10;5,15;55,75;48,74;0,61
136,92;0,26;0,10;5,15;55,75;48,74;0,61
136,94;0,26;0,10;5,15;55,75;48,74;0,61
136,94;-1,18;-1,43;-0,34;55,75;48,74;0,61
136,94;-1,18;-1,43;-0,34;55,75;48,74;0,61
136,96;-1,18;-1,43;-0,34;55,75;48,74;0,61
136,98;-1,18;-1,43;-0,34;55,75;48,74;0,61
137,00;-1,18;-1,43;-0,34;55,75;48,74;0,85
137,00;-0,32;-1,03;-2,23;55,75;48,74;0,85
137,00;-0,32;-1,03;-2,23;55,75;48,74;0,85
137,02;-0,32;-1,03;-2,23;55,75;48,74;0,85
137,03;-0,32;-1,03;-2,23;55,75;48,74;0,85
137,06;-0,32;-1,03;-2,23;55,75;48,74;0,85
137,06;-0,20;-1,64;-1,84;55,75;48,74;0,85
137,06;-0,20;-1,64;-1,84;55,75;48,74;0,85
137,07;-0,20;-1,64;-1,84;55,75;48,74;0,85
137,09;-0,20;-1,64;-1,84;55,75;48,74;0,85
137,11;-0,20;-1,64;-1,84;55,75;48,74;0,85
137,13;-0,20;-1,64;-1,84;55,75;48,74;0,85
137,14;-0,20;-1,64;-1,84;55,75;48,74;0,85
137,14;-0,51;-1,04;-3,31;55,75;48,74;0,85
137,15;-0,51;-1,04;-3,31;55,75;48,74;0,85
137,17;-0,51;-1,04;-3,31;55,75;48,74;0,85
137,19;-0,51;-1,04;-3,31;55,75;48,74;0,85
137,19;0,09;0,17;-1,00;55,75;48,74;0,85
137,20;0,09;0,17;-1,00;55,75;48,74;0,85
137,21;0,09;0,17;-1,00;55,75;48,74;0,85
137,23;0,09;0,17;-1,00;55,75;48,74;0,85
137,25;0,09;0,17;-1,00;55,75;48,74;0,85
137,27;0,09;0,17;-1,00;55,75;48,74;0,85
137,27;0,09;0,17;-1,00;55,75;48,74;0,85
137,27;-0,07;1,07;0,74;55,75;48,74;0,85
137,29;-0,07;1,07;0,74;55,75;48,74;0,85
137,31;-0,07;1,07;0,74;55,75;48,74;0,85
137,33;-0,07;1,07;0,74;55,75;48,74;0,85
137,33;-0,25;1,59;0,65;55,75;48,74;0,85
137,33;-0,25;1,59;0,65;55,75;48,74;0,85
137,35;-0,25;1,59;0,65;55,75;48,74;0,85
137,37;-0,25;1,59;0,65;55,75;48,74;0,85
137,39;-0,25;1,59;0,65;55,75;48,74;0,85
137,39;-0,25;1,59;0,65;55,75;48,74;0,85
137,39;1,08;1,37;4,12;55,75;48,74;0,85
137,41;1,08;1,37;4,12;55,75;48,74;0,85
137,43;1,08;1,37;4,12;55,75;48,74;0,85
137,45;1,08;1,37;4,12;55,75;48,74;0,85
137,47;1,08;1,37;4,12;55,75;48,74;0,85
137,47;1,08;1,37;4,12;55,75;48,74;0,85
137,47;1,52;-0,99;4,55;55,75;48,74;0,85
137,49;1,52;-0,99;4,55;55,75;48,74;0,85
137,51;1,52;-0,99;4,55;55,75;48,74;0,85
137,53;1,52;-0,99;4,55;55,75;48,74;0,85
137,53;1,52;-0,99;4,55;55,75;48,74;0,85
137,53;0,48;-2,23;0,07;55,75;48,74;0,85
137,55;0,48;-2,23;0,07;55,75;48,74;0,85
137,57;0,48;-2,23;0,07;55,75;48,74;0,85
137,59;0,48;-2,23;0,07;55,75;48,74;0,85
137,59;1,07;-1,33;-2,56;55,75;48,74;0,85
137,59;1,07;-1,33;-2,56;55,75;48,74;0,85
137,60;1,07;-1,33;-2,56;55,75;48,74;0,85
137,62;1,07;-1,33;-2,56;55,75;48,74;0,85
137,64;1,07;-1,33;-2,56;55,75;48,74;0,85
137,66;1,07;-1,33;-2,56;55,75;48,74;0,85
137,67;-1,14;-1,29;-3,76;55,75;48,74;0,85
137,67;-1,14;-1,29;-3,76;55,75;48,74;0,85
137,68;-1,14;-1,29;-3,76;55,75;48,74;0,85
137,70;-1,14;-1,29;-3,76;55,75;48,74;0,85
137,72;-1,14;-1,29;-3,76;55,75;48,74;0,85
137,72;-0,45;-0,72;-3,66;55,75;48,74;0,85
137,73;-0,45;-0,72;-3,66;55,75;48,74;0,85
137,74;-0,45;-0,72;-3,66;55,75;48,74;0,85
137,76;-0,45;-0,72;-3,66;55,75;48,74;0,85
137,78;-0,45;-0,72;-3,66;55,75;48,74;0,85
137,80;-0,45;-0,72;-3,66;55,75;48,74;0,85
137,80;-0,45;-0,72;-3,66;55,75;48,74;0,85
137,81;-0,37;0,49;-1,47;55,75;48,74;0,85
137,82;-0,37;0,49;-1,47;55,75;48,74;0,85
137,84;-0,37;0,49;-1,47;55,75;48,74;0,85
137,86;-0,37;0,49;-1,47;55,75;48,74;0,85
137,86;-0,49;2,26;0,84;55,75;48,74;0,85
137,86;-0,49;2,26;0,84;55,75;48,74;0,85
137,88;-0,49;2,26;0,84;55,75;48,74;0,85
137,90;-0,49;2,26;0,84;55,75;48,74;0,85
137,92;-0,49;2,26;0,84;55,75;48,74;0,85
137,92;-0,49;2,26;0,84;55,75;48,74;0,85
137,92;-0,99;2,47;4,15;55,75;48,74;0,85
137,94;-0,99;2,47;4,15;55,75;48,74;0,85
137,96;-0,99;2,47;4,15;55,75;48,74;0,85
137,98;-0,99;2,47;4,15;55,75;48,74;0,85
138,00;-0,99;2,47;4,15;55,75;48,74;0,75
138,00;-0,36;1,23;4,98;55,75;48,74;0,75
138,00;-0,36;1,23;4,98;55,75;48,74;0,75
138,02;-0,36;1,23;4,98;55,75;48,74;0,75
138,04;-0,36;1,23;4,98;55,75;48,74;0,75
138,06;-0,36;1,23;4,98;55,75;48,74;0,75
138,06;-1,94;-1,32;0,64;55,75;48,74;0,75
138,06;-1,94;-1,32;0,64;55,75;48,74;0,75
138,08;-1,94;-1,32;0,64;55,75;48,74;0,75
138,10;-1,94;-1,32;0,64;55,75;48,74;0,75
138,12;-1,94;-1,32;0,64;55,75;48,74;0,75
138,14;-1,94;-1,32;0,64;55,75;48,74;0,75
138,14;-1,94;-1,32;0,64;55,75;48,74;0,75
138,14;-0,94;-2,02;-1,38;55,75;48,74;0,75
138,16;-0,94;-2,02;-1,38;55,75;48,74;0,75
138,18;-0,94;-2,02;-1,38;55,75;48,74;0,75
138,19;-0,94;-2,02;-1,38;55,75;48,74;0,75
138,20;0,90;-1,42;-0,84;55,75;48,74;0,75
138,20;0,90;-1,42;-0,84;55,75;48,74;0,75
138,21;0,90;-1,42;-0,84;55,75;48,74;0,75
138,24;0,90;-1,42;-0,84;55,75;48,74;0,75
138,25;0,90;-1,42;-0,84;55,75;48,74;0,75
138,26;0,34;-1,05;-2,46;55,75;48,74;0,75
138,26;0,34;-1,05;-2,46;55,75;48,74;0,75
138,27;0,34;-1,05;-2,46;55,75;48,74;0,75
138,29;0,34;-1,05;-2,46;55,75;48,74;0,75
138,31;0,34;-1,05;-2,46;55,75;48,74;0,75
138,33;0,34;-1,05;-2,46;55,75;48,74;0,75
138,33;0,34;-1,05;-2,46;55,75;48,74;0,75
138,33;0,09;0,06;-3,42;55,75;48,74;0,75
138,35;0,09;0,06;-3,42;55,75;48,74;0,75
138,37;0,09;0,06;-3,42;55,75;48,74;0,75
138,39;0,09;0,06;-3,42;55,75;48,74;0,75
138,39;0,09;0,06;-3,42;55,75;48,74;0,75
138,39;0,40;0,64;-0,47;55,75;48,74;0,75
138,41;0,40;0,64;-0,47;55,75;48,74;0,75
138,43;0,40;0,64;-0,47;55,75;48,74;0,75
138,45;0,40;0,64;-0,47;55,75;48,74;0,75
138,47;0,40;0,64;-0,47;55,75;48,74;0,75
138,47;0,40;0,64;-0,47;55,75;48,74;0,75
138,47;1,21;1,02;2,24;55,75;48,74;0,75
138,49;1,21;1,02;2,24;55,75;48,74;0,75
138,51;1,21;1,02;2,24;55,75;48,74;0,75
138,53;1,21;1,02;2,24;55,75;48,74;0,75
138,53;1,21;1,02;2,24;55,75;48,74;0,75
138,53;0,65;1,72;3,10;55,75;48,74;0,75
138,55;0,65;1,72;3,10;55,75;48,74;0,75
138,57;0,65;1,72;3,10;55,75;48,74;0,75
138,59;0,65;1,72;3,10;55,75;48,74;0,75
138,59;0,85;-0,67;2,70;55,75;48,74;0,75
138,59;0,85;-0,67;2,70;55,75;48,74;0,75
138,61;0,85;-0,67;2,70;55,75;48,74;0,75
138,63;0,85;-0,67;2,70;55,75;48,74;0,75
138,65;0,85;-0,67;2,70;55,75;48,74;0,75
138,67;0,85;-0,67;2,70;55,75;48,74;0,75
138,67;0,52;-2,05;0,49;55,75;48,74;0,75
138,67;0,52;-2,05;0,49;55,75;48,74;0,75
138,69;0,52;-2,05;0,49;55,75;48,74;0,75
138,71;0,52;-2,05;0,49;55,75;48,74;0,75
138,73;0,52;-2,05;0,49;55,75;48,74;0,75
138,73;1,19;-1,09;-1,32;55,75;48,74;0,75
138,73;1,19;-1,09;-1,32;55,75;48,74;0,75
138,75;1,19;-1,09;-1,32;55,75;48,74;0,75
138,77;1,19;-1,09;-1,32;55,75;48,74;0,75
138,79;1,19;-1,09;-1,32;55,75;48,74;0,75
138,79;-0,60;-0,84;-2,93;55,75;48,74;0,75
138,79;-0,60;-0,84;-2,93;55,75;48,74;0,75
138,80;-0,60;-0,84;-2,93;55,75;48,74;0,75
138,83;-0,60;-0,84;-2,93;55,75;48,74;0,75
138,84;-0,60;-0,84;-2,93;55,75;48,74;0,75
138,86;-0,60;-0,84;-2,93;55,75;48,74;0,75
138,87;-0,60;-0,84;-2,93;55,75;48,74;0,75
138,87;-0,13;-0,23;-3,53;55,75;48,74;0,75
138,88;-0,13;-0,23;-3,53;55,75;48,74;0,75
138,90;-0,13;-0,23;-3,53;55,75;48,74;0,75
138,92;-0,13;-0,23;-3,53;55,75;48,74;0,75
138,93;-0,51;0,36;-1,76;55,75;48,74;0,75
138,93;-0,51;0,36;-1,76;55,75;48,74;0,75
138,94;-0,51;0,36;-1,76;55,75;48,74;0,75
138,96;-0,51;0,36;-1,76;55,75;48,74;0,75
138,98;-0,51;0,36;-1,76;55,75;48,74;0,64
139,00;-0,51;0,36;-1,76;55,75;48,74;0,64
139,00;-0,51;0,36;-1,76;55,75;48,74;0,64
139,00;-0,40;1,86;0,66;55,75;48,74;0,64
139,02;-0,40;1,86;0,66;55,75;48,74;0,64
139,04;-0,40;1,86;0,66;55,75;48,74;0,64
139,06;-0,40;1,86;0,66;55,75;48,74;0,64
139,06;-0,65;2,26;2,93;55,75;48,74;0,64
139,06;-0,65;2,26;2,93;55,75;48,74;0,64
139,08;-0,65;2,26;2,93;55,75;48,74;0,64
139,10;-0,65;2,26;2,93;55,75;48,74;0,64
139,12;-0,65;2,26;2,93;55,75;48,74;0,64
139,12;-0,14;1,61;4,47;55,75;48,74;0,64
139,12;-0,14;1,61;4,47;55,75;48,74;0,64
139,14;-0,14;1,61;4,47;55,75;48,74;0,64
139,16;-0,14;1,61;4,47;55,75;48,74;0,64
139,18;-0,14;1,61;4,47;55,75;48,74;0,64
139,20;-0,14;1,61;4,47;55,75;48,74;0,64
139,20;-0,14;1,61;4,47;55,75;48,74;0,64
139,20;-1,40;-1,80;2,70;55,75;48,74;0,64
139,22;-1,40;-1,80;2,70;55,75;48,74;0,64
139,24;-1,40;-1,80;2,70;55,75;48,74;0,64
139,26;-0,81;-1,74;-1,88;55,75;48,74;0,64
139,26;-0,81;-1,74;-1,88;55,75;48,74;0,64
139,26;-0,81;-1,74;-1,88;55,75;48,74;0,64
139,28;-0,81;-1,74;-1,88;55,75;48,74;0,64
139,30;-0,81;-1,74;-1,88;55,75;48,74;0,64
139,32;-0,81;-1,74;-1,88;55,75;48,74;0,64
139,34;-0,81;-1,74;-1,88;55,75;48,74;0,64
139,34;-0,81;-1,74;-1,88;55,75;48,74;0,64
139,34;-0,22;-1,11;-1,49;55,75;48,74;0,64
139,36;-0,22;-1,11;-1,49;55,75;48,74;0,64
139,38;-0,22;-1,11;-1,49;55,75;48,74;0,64
139,40;-0,22;-1,11;-1,49;55,75;48,74;0,64
139,40;-0,64;-1,36;-2,22;55,75;48,74;0,64
139,40;-0,64;-1,36;-2,22;55,75;48,74;0,64
139,42;-0,64;-1,36;-2,22;55,75;48,74;0,64
139,43;-0,64;-1,36;-2,22;55,75;48,74;0,64
139,45;-0,64;-1,36;-2,22;55,75;48,74;0,64
139,46;-0,28;-0,60;-2,30;55,75;48,74;0,64
139,46;-0,28;-0,60;-2,30;55,75;48,74;0,64
139,47;-0,28;-0,60;-2,30;55,75;48,74;0,64
139,49;-0,28;-0,60;-2,30;55,75;48,74;0,64
139,51;-0,28;-0,60;-2,30;55,75;48,74;0,64
139,53;-0,28;-0,60;-2,30;55,75;48,74;0,64
139,53;-0,28;-0,60;-2,30;55,75;48,74;0,64
139,53;0,72;0,97;-2,08;55,75;48,74;0,64
139,55;0,72;0,97;-2,08;55,75;48,74;0,64
139,57;0,72;0,97;-2,08;55,75;48,74;0,64
139,59;0,72;0,97;-2,08;55,75;48,74;0,64
139,59;1,33;1,36;2,62;55,75;48,74;0,64
139,59;1,33;1,36;2,62;55,75;48,74;0,64
139,61;1,33;1,36;2,62;55,75;48,74;0,64
139,63;1,33;1,36;2,62;55,75;48,74;0,64
139,65;1,33;1,36;2,62;55,75;48,74;0,64
139,67;1,33;1,36;2,62;55,75;48,74;0,64
139,67;1,33;1,36;2,62;55,75;48,74;0,64
139,67;1,34;2,02;2,78;55,75;48,74;0,64
139,69;1,34;2,02;2,78;55,75;48,74;0,64
139,71;1,34;2,02;2,78;55,75;48,74;0,64
139,73;1,34;2,02;2,78;55,75;48,74;0,64
139,73;1,34;2,02;2,78;55,75;48,74;0,64
139,73;0,76;-0,43;3,96;55,75;48,74;0,64
139,75;0,76;-0,43;3,96;55,75;48,74;0,64
139,77;0,76;-0,43;3,96;55,75;48,74;0,64
139,79;0,76;-0,43;3,96;55,75;48,74;0,64
139,79;0,67;-2,21;2,46;55,75;48,74;0,64
139,79;0,67;-2,21;2,46;55,75;48,74;0,64
139,81;0,67;-2,21;2,46;55,75;48,74;0,64
139,83;0,67;-2,21;2,46;55,75;48,74;0,64
139,85;0,67;-2,21;2,46;55,75;48,74;0,64
139,87;0,67;-2,21;2,46;55,75;48,74;0,64
139,87;0,67;-2,21;2,46;55,75;48,74;0,64
139,87;1,24;-1,46;-3,10;55,75;48,74;0,64
139,89;1,24;-1,46;-3,10;55,75;48,74;0,64
139,91;1,24;-1,46;-3,10;55,75;48,74;0,64
139,93;1,24;-1,46;-3,10;55,75;48,74;0,64
139,93;1,24;-1,46;-3,10;55,75;48,74;0,64
139,93;-1,17;-1,75;-4,01;55,75;48,74;0,64
139,95;-1,17;-1,75;-4,01;55,75;48,74;0,64
139,97;-1,17;-1,75;-4,01;55,75;48,74;0,64
139,98;-1,17;-1,75;-4,01;55,75;48,74;0,64
140,00;-1,17;-1,75;-4,01;55,75;48,74;0,78
140,01;-1,17;-1,75;-4,01;55,75;48,74;0,78
140,01;-0,76;-0,94;-4,08;55,75;48,74;0,78
140,02;-0,76;-0,94;-4,08;55,75;48,74;0,78
140,04;-0,76;-0,94;-4,08;55,75;48,74;0,78
140,06;-0,76;-0,94;-4,08;55,75;48,74;0,78
140,07;-0,76;-0,94;-4,08;55,75;48,74;0,78
140,07;-0,38;0,19;-2,09;55,75;48,74;0,78
140,08;-0,38;0,19;-2,09;55,75;48,74;0,78
140,10;-0,38;0,19;-2,09;55,75;48,74;0,78
140,12;-0,38;0,19;-2,09;55,75;48,74;0,78
140,13;-0,64;1,66;-0,20;55,75;48,74;0,78
140,13;-0,64;1,66;-0,20;55,75;48,74;0,78
140,14;-0,64;1,66;-0,20;55,75;48,74;0,78
140,16;-0,64;1,66;-0,20;55,75;48,74;0,78
140,18;-0,64;1,66;-0,20;55,75;48,74;0,78
140,20;-0,64;1,66;-0,20;55,75;48,74;0,78
140,20;-0,17;2,14;2,99;55,75;48,74;0,78
140,21;-0,17;2,14;2,99;55,75;48,74;0,78
140,22;-0,17;2,14;2,99;55,75;48,74;0,78
140,24;-0,17;2,14;2,99;55,75;48,74;0,78
140,26;-0,17;2,14;2,99;55,75;48,74;0,78
140,26;-0,65;1,39;4,82;55,75;48,74;0,78
140,26;-0,65;1,39;4,82;55,75;48,74;0,78
140,28;-0,65;1,39;4,82;55,75;48,74;0,78
140,30;-0,65;1,39;4,82;55,75;48,74;0,78
140,32;-0,65;1,39;4,82;55,75;48,74;0,78
140,32;-0,65;1,39;4,82;55,75;48,74;0,78
140,32;-1,84;-1,44;3,09;55,75;48,74;0,78
140,34;-1,84;-1,44;3,09;55,75;48,74;0,78
140,36;-1,84;-1,44;3,09;55,75;48,74;0,78
140,38;-1,84;-1,44;3,09;55,75;48,74;0,78
140,40;-1,84;-1,44;3,09;55,75;48,74;0,78
140,40;-1,84;-1,44;3,09;55,75;48,74;0,78
140,40;0,26;-0,62;-1,48;55,75;48,74;0,78
140,42;0,26;-0,62;-1,48;55,75;48,74;0,78
140,44;0,26;-0,62;-1,48;55,75;48,74;0,78
140,46;0,26;-0,62;-1,48;55,75;48,74;0,78
140,46;0,26;-0,62;-1,48;55,75;48,74;0,78
140,46;-0,26;-0,88;-0,99;55,75;48,74;0,78
140,48;-0,26;-0,88;-0,99;55,75;48,74;0,78
140,50;-0,26;-0,88;-0,99;55,75;48,74;0,78
140,52;-0,26;-0,88;-0,99;55,75;48,74;0,78
140,54;-0,26;-0,88;-0,99;55,75;48,74;0,78
140,54;-0,26;-0,88;-0,99;55,75;48,74;0,78
140,54;-0,74;-1,50;-1,78;55,75;48,74;0,78
140,56;-0,74;-1,50;-1,78;55,75;48,74;0,78
140,58;-0,74;-1,50;-1,78;55,75;48,74;0,78
140,60;-0,74;-1,50;-1,78;55,75;48,74;0,78
140,60;-0,74;-1,50;-1,78;55,75;48,74;0,78
140,60;0,00;-0,65;-3,08;55,75;48,74;0,78
140,61;0,00;-0,65;-3,08;55,75;48,74;0,78
140,63;0,00;-0,65;-3,08;55,75;48,74;0,78
140,65;0,00;-0,65;-3,08;55,75;48,74;0,78
140,66;0,00;-0,65;-3,08;55,75;48,74;0,78
140,66;0,26;0,40;-1,14;55,75;48,74;0,78
140,67;0,26;0,40;-1,14;55,75;48,74;0,78
140,69;0,26;0,40;-1,14;55,75;48,74;0,78
140,71;0,26;0,40;-1,14;55,75;48,74;0,78
140,73;0,88;1,41;0,96;55,75;48,74;0,78
140,74;0,88;1,41;0,96;55,75;48,74;0,78
140,74;0,88;1,41;0,96;55,75;48,74;0,78
140,75;0,88;1,41;0,96;55,75;48,74;0,78
140,77;0,88;1,41;0,96;55,75;48,74;0,78
140,79;0,88;1,41;0,96;55,75;48,74;0,78
140,79;0,67;1,65;2,97;55,75;48,74;0,78
140,79;0,67;1,65;2,97;55,75;48,74;0,78
140,81;0,67;1,65;2,97;55,75;48,74;0,78
140,83;0,67;1,65;2,97;55,75;48,74;0,78
140,85;0,67;1,65;2,97;55,75;48,74;0,78
140,87;0,67;1,65;2,97;55,75;48,74;0,78
140,87;1,19;-0,18;3,31;55,75;48,74;0,78
140,87;1,19;-0,18;3,31;55,75;48,74;0,78
140,89;1,19;-0,18;3,31;55,75;48,74;0,78
140,91;1,19;-0,18;3,31;55,75;48,74;0,78
140,93;1,19;-0,18;3,31;55,75;48,74;0,78
140,93;1,19;-0,18;3,31;55,75;48,74;0,78
140,93;1,46;-1,29;0,81;55,75;48,74;0,78
140,95;1,46;-1,29;0,81;55,75;48,74;0,78
140,97;1,46;-1,29;0,81;55,75;48,74;0,78
140,99;1,46;-1,29;0,81;55,75;48,74;0,78
140,99;1,77;-1,22;-1,15;55,75;48,74;0,78
140,99;1,77;-1,22;-1,15;55,75;48,74;0,78
141,01;1,77;-1,22;-1,15;55,75;48,74;0,78
141,03;1,77;-1,22;-1,15;55,75;48,74;0,78
141,05;1,77;-1,22;-1,15;55,75;48,74;0,78
141,07;1,77;-1,22;-1,15;55,75;48,74;0,78
141,07;-0,50;-1,30;-3,14;55,75;48,74;0,78
141,07;-0,50;-1,30;-3,14;55,75;48,74;0,78
141,09;-0,50;-1,30;-3,14;55,75;48,74;0,78
141,11;-0,50;-1,30;-3,14;55,75;48,74;0,78
141,13;-0,50;-1,30;-3,14;55,75;48,74;0,78
141,13;-0,39;-0,80;-3,85;55,75;48,74;0,78
141,13;-0,39;-0,80;-3,85;55,75;48,74;0,78
141,15;-0,39;-0,80;-3,85;55,75;48,74;0,78
141,17;-0,39;-0,80;-3,85;55,75;48,74;0,78
141,18;-0,39;-0,80;-3,85;55,75;48,74;0,78
141,20;-0,39;-0,80;-3,85;55,75;48,74;0,78
141,21;-0,39;-0,80;-3,85;55,75;48,74;0,78
141,21;-1,08;0,14;-1,66;55,75;48,74;0,78
141,22;-1,08;0,14;-1,66;55,75;48,74;0,78
141,24;-1,08;0,14;-1,66;55,75;48,74;0,78
141,26;-1,08;0,14;-1,66;55,75;48,74;0,78
141,27;-1,08;0,14;-1,66;55,75;48,74;0,78
141,27;-0,08;2,01;1,28;55,75;48,74;0,78
141,28;-0,08;2,01;1,28;55,75;48,74;0,78
141,30;-0,08;2,01;1,28;55,75;48,74;0,78
141,32;-0,08;2,01;1,28;55,75;48,74;0,78
141,32;0,21;2,62;3,28;55,75;48,74;0,78
141,32;0,21;2,62;3,28;55,75;48,74;0,78
141,34;0,21;2,62;3,28;55,75;48,74;0,78
141,36;0,21;2,62;3,28;55,75;48,74;0,78
141,38;0,21;2,62;3,28;55,75;48,74;0,78
141,40;0,21;2,62;3,28;55,75;48,74;0,78
141,40;0,21;2,62;3,28;55,75;48,74;0,78
141,40;-0,89;1,90;3,10;55,75;48,74;0,78
141,42;-0,89;1,90;3,10;55,75;48,74;0,78
141,44;-0,89;1,90;3,10;55,75;48,74;0,78
141,46;-1,46;-0,52;2,22;55,75;48,74;0,78
141,46;-1,46;-0,52;2,22;55,75;48,74;0,78
141,46;-1,46;-0,52;2,22;55,75;48,74;0,78
141,48;-1,46;-0,52;2,22;55,75;48,74;0,78
141,50;-1,46;-0,52;2,22;55,75;48,74;0,78
141,52;-1,46;-0,52;2,22;55,75;48,74;0,78
141,52;-1,25;-1,68;-0,14;55,75;48,74;0,78
141,52;-1,25;-1,68;-0,14;55,75;48,74;0,78
141,54;-1,25;-1,68;-0,14;55,75;48,74;0,78
141,56;-1,25;-1,68;-0,14;55,75;48,74;0,78
141,58;-1,25;-1,68;-0,14;55,75;48,74;0,78
141,60;-1,25;-1,68;-0,14;55,75;48,74;0,78
141,60;0,05;-1,80;-1,74;55,75;48,74;0,78
141,60;0,05;-1,80;-1,74;55,75;48,74;0,78
141,62;0,05;-1,80;-1,74;55,75;48,74;0,78
141,64;0,05;-1,80;-1,74;55,75;48,74;0,78
141,66;0,05;-1,80;-1,74;55,75;48,74;0,78
141,66;-0,12;-1,45;-3,37;55,75;48,74;0,78
141,66;-0,12;-1,45;-3,37;55,75;48,74;0,78
141,68;-0,12;-1,45;-3,37;55,75;48,74;0,78
141,70;-0,12;-1,45;-3,37;55,75;48,74;0,78
141,72;-0,12;-1,45;-3,37;55,75;48,74;0,78
141,74;-0,12;-1,45;-3,37;55,75;48,74;0,78
141,74;-0,12;-1,45;-3,37;55,75;48,74;0,78
141,74;0,07;-0,43;-2,66;55,75;48,74;0,78
141,76;0,07;-0,43;-2,66;55,75;48,74;0,78
141,77;0,07;-0,43;-2,66;55,75;48,74;0,78
141,80;0,07;-0,43;-2,66;55,75;48,74;0,78
141,80;0,07;-0,43;-2,66;55,75;48,74;0,78
141,80;-0,07;0,44;-0,59;55,75;48,74;0,78
141,81;-0,07;0,44;-0,59;55,75;48,74;0,78
141,83;-0,07;0,44;-0,59;55,75;48,74;0,78
141,85;-0,07;0,44;-0,59;55,75;48,74;0,78
141,85;-0,07;0,44;-0,59;55,75;48,74;0,78
141,86;0,20;1,31;1,85;55,75;48,74;0,78
141,87;0,20;1,31;1,85;55,75;48,74;0,78
141,89;0,20;1,31;1,85;55,75;48,74;0,78
141,91;0,20;1,31;1,85;55,75;48,74;0,78
141,93;0,20;1,31;1,85;55,75;48,74;0,78
141,93;0,20;1,31;1,85;55,75;48,74;0,78
141,93;1,13;1,41;2,67;55,75;48,74;0,78
141,95;1,13;1,41;2,67;55,75;48,74;0,78
141,97;1,13;1,41;2,67;55,75;48,74;0,78
141,99;1,66;0,40;1,75;55,75;48,74;0,78
141,99;1,66;0,40;1,75;55,75;48,74;0,78
141,99;1,66;0,40;1,75;55,75;48,74;0,78
142,01;1,66;0,40;1,75;55,75;48,74;0,78
142,03;1,66;0,40;1,75;55,75;48,74;0,78
142,05;1,66;0,40;1,75;55,75;48,74;0,78
142,07;1,66;0,40;1,75;55,75;48,74;0,78
142,07;1,66;0,40;1,75;55,75;48,74;0,78
142,07;-0,06;-1,15;2,15;55,75;48,74;0,78
142,09;-0,06;-1,15;2,15;55,75;48,74;0,78
142,11;-0,06;-1,15;2,15;55,75;48,74;0,78
142,13;-0,06;-1,15;2,15;55,75;48,74;0,78
142,13;0,98;-1,16;0,65;55,75;48,74;0,78
142,13;0,98;-1,16;0,65;55,75;48,74;0,78
142,15;0,98;-1,16;0,65;55,75;48,74;0,78
142,17;0,98;-1,16;0,65;55,75;48,74;0,78
142,19;0,98;-1,16;0,65;55,75;48,74;0,78
142,19;0,98;-1,16;0,65;55,75;48,74;0,78
142,19;-0,13;-1,25;-4,16;55,75;48,74;0,78
142,21;-0,13;-1,25;-4,16;55,75;48,74;0,78
142,23;-0,13;-1,25;-4,16;55,75;48,74;0,78
142,25;-0,13;-1,25;-4,16;55,75;48,74;0,78
142,27;-0,13;-1,25;-4,16;55,75;48,74;0,78
142,27;-0,74;-0,81;-4,54;55,75;48,74;0,78
142,27;-0,74;-0,81;-4,54;55,75;48,74;0,78
142,29;-0,74;-0,81;-4,54;55,75;48,74;0,78
142,31;-0,74;-0,81;-4,54;55,75;48,74;0,78
142,33;-0,74;-0,81;-4,54;55,75;48,74;0,78
142,33;0,08;0,35;-2,15;55,75;48,74;0,78
142,33;0,08;0,35;-2,15;55,75;48,74;0,78
142,34;0,08;0,35;-2,15;55,75;48,74;0,78
142,36;0,08;0,35;-2,15;55,75;48,74;0,78
142,38;0,08;0,35;-2,15;55,75;48,74;0,78
142,40;0,08;0,35;-2,15;55,75;48,74;0,78
142,41;0,08;0,35;-2,15;55,75;48,74;0,78
142,41;0,42;1,70;1,26;55,75;48,74;0,78
142,42;0,42;1,70;1,26;55,75;48,74;0,78
142,44;0,42;1,70;1,26;55,75;48,74;0,78
142,46;0,42;1,70;1,26;55,75;48,74;0,78
142,46;-0,28;2,34;1,93;55,75;48,74;0,78
142,47;-0,28;2,34;1,93;55,75;48,74;0,78
142,48;-0,28;2,34;1,93;55,75;48,74;0,78
142,50;-0,28;2,34;1,93;55,75;48,74;0,78
142,52;-0,28;2,34;1,93;55,75;48,74;0,78
142,52;-0,28;2,34;1,93;55,75;48,74;0,78
142,52;-1,30;1,05;5,29;55,75;48,74;0,78
142,54;-1,30;1,05;5,29;55,75;48,74;0,78
142,56;-1,30;1,05;5,29;55,75;48,74;0,78
142,58;-1,30;1,05;5,29;55,75;48,74;0,78
142,60;-1,30;1,05;5,29;55,75;48,74;0,78
142,60;-1,91;-1,64;2,90;55,75;48,74;0,78
142,60;-1,91;-1,64;2,90;55,75;48,74;0,78
142,62;-1,91;-1,64;2,90;55,75;48,74;0,78
142,64;-1,91;-1,64;2,90;55,75;48,74;0,78
142,66;-1,91;-1,64;2,90;55,75;48,74;0,78
142,66;-1,91;-1,64;2,90;55,75;48,74;0,78
142,66;-0,41;-1,43;-1,04;55,75;48,74;0,78
142,68;-0,41;-1,43;-1,04;55,75;48,74;0,78
142,70;-0,41;-1,43;-1,04;55,75;48,74;0,78
142,72;-0,41;-1,43;-1,04;55,75;48,74;0,78
142,74;-0,41;-1,43;-1,04;55,75;48,74;0,78
142,74;0,18;-1,07;-1,50;55,75;48,74;0,78
142,74;0,18;-1,07;-1,50;55,75;48,74;0,78
142,76;0,18;-1,07;-1,50;55,75;48,74;0,78
142,78;0,18;-1,07;-1,50;55,75;48,74;0,78
142,80;0,18;-1,07;-1,50;55,75;48,74;0,78
142,80;0,13;-1,06;-3,63;55,75;48,74;0,78
142,80;0,13;-1,06;-3,63;55,75;48,74;0,78
142,82;0,13;-1,06;-3,63;55,75;48,74;0,78
142,84;0,13;-1,06;-3,63;55,75;48,74;0,78
142,86;0,13;-1,06;-3,63;55,75;48,74;0,78
142,86;-0,45;-0,30;-3,11;55,75;48,74;0,78
142,86;-0,45;-0,30;-3,11;55,75;48,74;0,78
142,88;-0,45;-0,30;-3,11;55,75;48,74;0,78
142,90;-0,45;-0,30;-3,11;55,75;48,74;0,78
142,92;-0,45;-0,30;-3,11;55,75;48,74;0,78
142,94;-0,45;-0,30;-3,11;55,75;48,74;0,78
142,94;0,23;0,49;0,23;55,75;48,74;0,78
142,94;0,23;0,49;0,23;55,75;48,74;0,78
142,96;0,23;0,49;0,23;55,75;48,74;0,78
142,97;0,23;0,49;0,23;55,75;48,74;0,78
142,99;0,23;0,49;0,23;55,75;48,74;0,26
143,00;0,23;0,49;0,23;55,75;48,74;0,26
143,00;0,88;1,24;0,98;55,75;48,74;0,26
143,01;0,88;1,24;0,98;55,75;48,74;0,26
143,03;0,88;1,24;0,98;55,75;48,74;0,26
143,05;0,88;1,24;0,98;55,75;48,74;0,26
143,06;1,21;1,20;3,03;55,75;48,74;0,26
143,06;1,21;1,20;3,03;55,75;48,74;0,26
143,07;1,21;1,20;3,03;55,75;48,74;0,26
143,09;1,21;1,20;3,03;55,75;48,74;0,26
143,11;1,21;1,20;3,03;55,75;48,74;0,26
143,13;1,21;1,20;3,03;55,75;48,74;0,26
143,13;1,21;1,20;3,03;55,75;48,74;0,26
143,13;1,86;-0,36;2,94;55,75;48,74;0,26
143,15;1,86;-0,36;2,94;55,75;48,74;0,26
143,17;1,86;-0,36;2,94;55,75;48,74;0,26
143,19;1,86;-0,36;2,94;55,75;48,74;0,26
143,19;1,86;-0,36;2,94;55,75;48,74;0,26
143,19;1,11;-2,16;1,55;55,75;48,74;0,26
143,21;1,11;-2,16;1,55;55,75;48,74;0,26
143,23;1,11;-2,16;1,55;55,75;48,74;0,26
143,25;1,11;-2,16;1,55;55,75;48,74;0,26
143,27;1,11;-2,16;1,55;55,75;48,74;0,26
143,27;1,45;-1,24;-2,34;55,75;48,74;0,26
143,27;1,45;-1,24;-2,34;55,75;48,74;0,26
143,29;1,45;-1,24;-2,34;55,75;48,74;0,26
143,31;1,45;-1,24;-2,34;55,75;48,74;0,26
143,33;1,45;-1,24;-2,34;55,75;48,74;0,26
143,33;-1,12;-1,03;-3,43;55,75;48,74;0,26
143,33;-1,12;-1,03;-3,43;55,75;48,74;0,26
143,35;-1,12;-1,03;-3,43;55,75;48,74;0,26
143,37;-1,12;-1,03;-3,43;55,75;48,74;0,26
143,39;-1,12;-1,03;-3,43;55,75;48,74;0,26
143,39;-1,12;-1,03;-3,43;55,75;48,74;0,26
143,39;-0,74;-0,10;-3,28;55,75;48,74;0,26
143,41;-0,74;-0,10;-3,28;55,75;48,74;0,26
143,43;-0,74;-0,10;-3,28;55,75;48,74;0,26
143,45;-0,74;-0,10;-3,28;55,75;48,74;0,26
143,47;-0,74;-0,10;-3,28;55,75;48,74;0,26
143,47;0,12;0,93;-1,19;55,75;48,74;0,26
143,47;0,12;0,93;-1,19;55,75;48,74;0,26
143,49;0,12;0,93;-1,19;55,75;48,74;0,26
143,51;0,12;0,93;-1,19;55,75;48,74;0,26
143,53;0,12;0,93;-1,19;55,75;48,74;0,26
143,53;0,12;0,93;-1,19;55,75;48,74;0,26
143,53;-0,38;2,08;1,64;55,75;48,74;0,26
143,54;-0,38;2,08;1,64;55,75;48,74;0,26
143,56;-0,38;2,08;1,64;55,75;48,74;0,26
143,58;-0,38;2,08;1,64;55,75;48,74;0,26
143,60;-1,20;1,82;3,58;55,75;48,74;0,26
143,61;-1,20;1,82;3,58;55,75;48,74;0,26
143,61;-1,20;1,82;3,58;55,75;48,74;0,26
143,62;-1,20;1,82;3,58;55,75;48,74;0,26
143,64;-1,20;1,82;3,58;55,75;48,74;0,26
143,66;-1,20;1,82;3,58;55,75;48,74;0,26
143,66;-0,87;-0,06;5,54;55,75;48,74;0,26
143,67;-0,87;-0,06;5,54;55,75;48,74;0,26
143,68;-0,87;-0,06;5,54;55,75;48,74;0,26
143,70;-0,87;-0,06;5,54;55,75;48,74;0,26
143,72;-0,87;-0,06;5,54;55,75;48,74;0,26
143,72;-1,78;-0,84;-0,18;55,75;48,74;0,26
143,72;-1,78;-0,84;-0,18;55,75;48,74;0,26
143,74;-1,78;-0,84;-0,18;55,75;48,74;0,26
143,76;-1,78;-0,84;-0,18;55,75;48,74;0,26
143,78;-1,78;-0,84;-0,18;55,75;48,74;0,26
143,80;-1,78;-0,84;-0,18;55,75;48,74;0,26
143,80;-0,17;-1,14;-1,16;55,75;48,74;0,26
143,80;-0,17;-1,14;-1,16;55,75;48,74;0,26
143,82;-0,17;-1,14;-1,16;55,75;48,74;0,26
143,84;-0,17;-1,14;-1,16;55,75;48,74;0,26
143,86;-0,17;-1,14;-1,16;55,75;48,74;0,26
143,86;0,29;-1,15;-2,79;55,75;48,74;0,26
143,86;0,29;-1,15;-2,79;55,75;48,74;0,26
143,88;0,29;-1,15;-2,79;55,75;48,74;0,26
143,90;0,29;-1,15;-2,79;55,75;48,74;0,26
143,92;0,29;-1,15;-2,79;55,75;48,74;0,26
143,94;-0,30;-0,91;-3,02;55,75;48,74;0,26
143,94;-0,30;-0,91;-3,02;55,75;48,74;0,26
143,94;-0,30;-0,91;-3,02;55,75;48,74;0,26
143,96;-0,30;-0,91;-3,02;55,75;48,74;0,26
143,98;-0,30;-0,91;-3,02;55,75;48,74;0,26
144,00;-0,30;-0,91;-3,02;55,75;48,74;0,26
144,00;-0,34;-0,06;-2,70;55,75;48,74;0,26
144,00;-0,34;-0,06;-2,70;55,75;48,74;0,26
144,02;-0,34;-0,06;-2,70;55,75;48,74;0,26
144,04;-0,34;-0,06;-2,70;55,75;48,74;0,26
144,06;-0,34;-0,06;-2,70;55,75;48,74;0,26
144,06;-0,57;0,49;0,70;55,75;48,74;0,26
144,06;-0,57;0,49;0,70;55,75;48,74;0,26
144,08;-0,57;0,49;0,70;55,75;48,74;0,26
144,09;-0,57;0,49;0,70;55,75;48,74;0,26
144,12;-0,57;0,49;0,70;55,75;48,74;0,26
144,13;-0,57;0,49;0,70;55,75;48,74;0,26
144,14;-0,57;0,49;0,70;55,75;48,74;0,26
144,14;0,44;1,70;2,62;55,75;48,74;0,26
144,15;0,44;1,70;2,62;55,75;48,74;0,26
144,17;0,44;1,70;2,62;55,75;48,74;0,26
144,19;0,44;1,70;2,62;55,75;48,74;0,26
144,20;0,44;1,70;2,62;55,75;48,74;0,26
144,20;1,79;1,43;4,60;55,75;48,74;0,26
144,21;1,79;1,43;4,60;55,75;48,74;0,26
144,23;1,79;1,43;4,60;55,75;48,74;0,26
144,25;1,79;1,43;4,60;55,75;48,74;0,26
144,25;1,16;-1,31;3,11;55,75;48,74;0,26
144,26;1,16;-1,31;3,11;55,75;48,74;0,26
144,27;1,16;-1,31;3,11;55,75;48,74;0,26
144,29;1,16;-1,31;3,11;55,75;48,74;0,26
144,31;1,16;-1,31;3,11;55,75;48,74;0,26
144,33;1,16;-1,31;3,11;55,75;48,74;0,26
144,33;1,16;-1,31;3,11;55,75;48,74;0,26
144,33;2,03;-1,71;-1,40;55,75;48,74;0,26
144,35;2,03;-1,71;-1,40;55,75;48,74;0,26
144,37;2,03;-1,71;-1,40;55,75;48,74;0,26
144,39;2,03;-1,71;-1,40;55,75;48,74;0,26
144,39;-0,19;-1,56;-3,14;55,75;48,74;0,26
144,39;-0,19;-1,56;-3,14;55,75;48,74;0,26
144,41;-0,19;-1,56;-3,14;55,75;48,74;0,26
144,43;-0,19;-1,56;-3,14;55,75;48,74;0,26
144,45;-0,19;-1,56;-3,14;55,75;48,74;0,26
144,47;-0,25;-1,16;-4,43;55,75;48,74;0,26
144,47;-0,25;-1,16;-4,43;55,75;48,74;0,26
144,47;-0,25;-1,16;-4,43;55,75;48,74;0,26
144,49;-0,25;-1,16;-4,43;55,75;48,74;0,26
144,51;-0,25;-1,16;-4,43;55,75;48,74;0,26
144,53;-0,25;-1,16;-4,43;55,75;48,74;0,26
144,53;-0,51;-0,21;-3,44;55,75;48,74;0,26
144,53;-0,51;-0,21;-3,44;55,75;48,74;0,26
144,55;-0,51;-0,21;-3,44;55,75;48,74;0,26
144,57;-0,51;-0,21;-3,44;55,75;48,74;0,26
144,59;-0,51;-0,21;-3,44;55,75;48,74;0,26
144,59;-0,51;-0,21;-3,44;55,75;48,74;0,26
144,59;-0,99;1,49;0,60;55,75;48,74;0,26
144,61;-0,99;1,49;0,60;55,75;48,74;0,26
144,63;-0,99;1,49;0,60;55,75;48,74;0,26
144,65;-0,99;1,49;0,60;55,75;48,74;0,26
144,67;-0,99;1,49;0,60;55,75;48,74;0,26
144,67;-0,99;1,49;0,60;55,75;48,74;0,26
144,67;-0,31;2,64;3,58;55,75;48,74;0,26
144,68;-0,31;2,64;3,58;55,75;48,74;0,26
144,70;-0,31;2,64;3,58;55,75;48,74;0,26
144,73;-0,31;2,64;3,58;55,75;48,74;0,26
144,73;-1,37;1,66;3,83;55,75;48,74;0,26
144,73;-1,37;1,66;3,83;55,75;48,74;0,26
144,74;-1,37;1,66;3,83;55,75;48,74;0,26
144,76;-1,37;1,66;3,83;55,75;48,74;0,26
144,78;-1,37;1,66;3,83;55,75;48,74;0,26
144,80;-1,37;1,66;3,83;55,75;48,74;0,26
144,80;-1,37;1,66;3,83;55,75;48,74;0,26
144,80;-0,64;-0,39;2,36;55,75;48,74;0,26
144,82;-0,64;-0,39;2,36;55,75;48,74;0,26
144,84;-0,64;-0,39;2,36;55,75;48,74;0,26
144,86;-0,64;-0,39;2,36;55,75;48,74;0,26
144,86;-0,64;-0,39;2,36;55,75;48,74;0,26
144,87;-1,95;-1,85;-0,84;55,75;48,74;0,26
144,88;-1,95;-1,85;-0,84;55,75;48,74;0,26
144,90;-1,95;-1,85;-0,84;55,75;48,74;0,26
144,92;-1,95;-1,85;-0,84;55,75;48,74;0,26
144,92;0,07;-1,79;-0,82;55,75;48,74;0,26
144,92;0,07;-1,79;-0,82;55,75;48,74;0,26
144,94;0,07;-1,79;-0,82;55,75;48,74;0,26
144,96;0,07;-1,79;-0,82;55,75;48,74;0,26
144,98;0,07;-1,79;-0,82;55,75;48,74;0,66
145,00;0,07;-1,79;-0,82;55,75;48,74;0,66
145,00;0,07;-1,79;-0,82;55,75;48,74;0,66
145,00;1,06;-1,17;-2,51;55,75;48,74;0,66
145,02;1,06;-1,17;-2,51;55,75;48,74;0,66
145,04;1,06;-1,17;-2,51;55,75;48,74;0,66
145,06;0,82;-0,31;-2,31;55,75;48,74;0,66
145,06;0,82;-0,31;-2,31;55,75;48,74;0,66
145,06;0,82;-0,31;-2,31;55,75;48,74;0,66
145,08;0,82;-0,31;-2,31;55,75;48,74;0,66
145,10;0,82;-0,31;-2,31;55,75;48,74;0,66
145,12;0,82;-0,31;-2,31;55,75;48,74;0,66
145,14;0,82;-0,31;-2,31;55,75;48,74;0,66
145,14;0,82;-0,31;-2,31;55,75;48,74;0,66
145,14;0,65;0,66;-1,29;55,75;48,74;0,66
145,16;0,65;0,66;-1,29;55,75;48,74;0,66
145,18;0,65;0,66;-1,29;55,75;48,74;0,66
145,20;0,65;0,66;-1,29;55,75;48,74;0,66
145,20;0,42;1,09;1,23;55,75;48,74;0,66
145,20;0,42;1,09;1,23;55,75;48,74;0,66
145,22;0,42;1,09;1,23;55,75;48,74;0,66
145,24;0,42;1,09;1,23;55,75;48,74;0,66
145,26;0,42;1,09;1,23;55,75;48,74;0,66
145,26;0,55;1,79;2,70;55,75;48,74;0,66
145,26;0,55;1,79;2,70;55,75;48,74;0,66
145,28;0,55;1,79;2,70;55,75;48,74;0,66
145,30;0,55;1,79;2,70;55,75;48,74;0,66
145,31;0,55;1,79;2,70;55,75;48,74;0,66
145,33;0,55;1,79;2,70;55,75;48,74;0,66
145,34;0,83;0,98;3,26;55,75;48,74;0,66
145,34;0,83;0,98;3,26;55,75;48,74;0,66
145,35;0,83;0,98;3,26;55,75;48,74;0,66
145,37;0,83;0,98;3,26;55,75;48,74;0,66
145,39;0,83;0,98;3,26;55,75;48,74;0,66
145,40;0,83;0,98;3,26;55,75;48,74;0,66
145,40;-0,80;-1,38;2,38;55,75;48,74;0,66
145,41;-0,80;-1,38;2,38;55,75;48,74;0,66
145,43;-0,80;-1,38;2,38;55,75;48,74;0,66
145,45;-0,80;-1,38;2,38;55,75;48,74;0,66
145,45;1,58;-1,45;-0,75;55,75;48,74;0,66
145,45;1,58;-1,45;-0,75;55,75;48,74;0,66
145,47;1,58;-1,45;-0,75;55,75;48,74;0,66
145,49;1,58;-1,45;-0,75;55,75;48,74;0,66
145,51;1,58;-1,45;-0,75;55,75;48,74;0,66
145,53;1,58;-1,45;-0,75;55,75;48,74;0,66
145,53;1,58;-1,45;-0,75;55,75;48,74;0,66
145,53;-0,21;-1,45;-3,40;55,75;48,74;0,66
145,55;-0,21;-1,45;-3,40;55,75;48,74;0,66
145,57;-0,21;-1,45;-3,40;55,75;48,74;0,66
145,59;-0,43;-0,95;-4,58;55,75;48,74;0,66
145,59;-0,43;-0,95;-4,58;55,75;48,74;0,66
145,59;-0,43;-0,95;-4,58;55,75;48,74;0,66
145,61;-0,43;-0,95;-4,58;55,75;48,74;0,66
145,63;-0,43;-0,95;-4,58;55,75;48,74;0,66
145,65;-0,43;-0,95;-4,58;55,75;48,74;0,66
145,67;-0,43;-0,95;-4,58;55,75;48,74;0,66
145,67;-0,38;-0,08;-2,58;55,75;48,74;0,66
145,67;-0,38;-0,08;-2,58;55,75;48,74;0,66
145,69;-0,38;-0,08;-2,58;55,75;48,74;0,66
145,71;-0,38;-0,08;-2,58;55,75;48,74;0,66
145,73;-0,38;-0,08;-2,58;55,75;48,74;0,66
145,73;-0,84;1,35;0,36;55,75;48,74;0,66
145,73;-0,84;1,35;0,36;55,75;48,74;0,66
145,75;-0,84;1,35;0,36;55,75;48,74;0,66
145,77;-0,84;1,35;0,36;55,75;48,74;0,66
145,79;-0,84;1,35;0,36;55,75;48,74;0,66
145,79;-0,84;1,35;0,36;55,75;48,74;0,66
145,79;-1,08;2,24;3,14;55,75;48,74;0,66
145,81;-1,08;2,24;3,14;55,75;48,74;0,66
145,83;-1,08;2,24;3,14;55,75;48,74;0,66
145,85;-1,08;2,24;3,14;55,75;48,74;0,66
145,86;-1,08;2,24;3,14;55,75;48,74;0,66
145,87;-1,17;2,03;4,74;55,75;48,74;0,66
145,87;-1,17;2,03;4,74;55,75;48,74;0,66
145,88;-1,17;2,03;4,74;55,75;48,74;0,66
145,90;-1,17;2,03;4,74;55,75;48,74;0,66
145,92;-1,17;2,03;4,74;55,75;48,74;0,66
145,93;-1,17;2,03;4,74;55,75;48,74;0,66
145,93;-0,95;0,08;2,59;55,75;48,74;0,66
145,95;-0,95;0,08;2,59;55,75;48,74;0,66
145,96;-0,95;0,08;2,59;55,75;48,74;0,66
145,98;-0,95;0,08;2,59;55,75;48,74;0,57
146,00;-0,95;0,08;2,59;55,75;48,74;0,57
146,01;-0,95;0,08;2,59;55,75;48,74;0,57
146,01;-0,74;-1,60;0,17;55,75;48,74;0,57
146,02;-0,74;-1,60;0,17;55,75;48,74;0,57
146,04;-0,74;-1,60;0,17;55,75;48,74;0,57
146,06;-0,74;-1,60;0,17;55,75;48,74;0,57
146,06;-0,74;-1,60;0,17;55,75;48,74;0,57
146,06;0,34;-2,01;-2,25;55,75;48,74;0,57
146,08;0,34;-2,01;-2,25;55,75;48,74;0,57
146,10;0,34;-2,01;-2,25;55,75;48,74;0,57
146,12;0,34;-2,01;-2,25;55,75;48,74;0,57
146,12;0,34;-2,01;-2,25;55,75;48,74;0,57
146,12;-0,01;-1,49;-4,28;55,75;48,74;0,57
146,14;-0,01;-1,49;-4,28;55,75;48,74;0,57
146,16;-0,01;-1,49;-4,28;55,75;48,74;0,57
146,18;-0,01;-1,49;-4,28;55,75;48,74;0,57
146,20;-0,01;-1,49;-4,28;55,75;48,74;0,57
146,20;0,09;-0,18;-2,73;55,75;48,74;0,57
146,20;0,09;-0,18;-2,73;55,75;48,74;0,57
146,22;0,09;-0,18;-2,73;55,75;48,74;0,57
146,24;0,09;-0,18;-2,73;55,75;48,74;0,57
146,26;0,09;-0,18;-2,73;55,75;48,74;0,57
146,26;0,09;-0,18;-2,73;55,75;48,74;0,57
146,26;-0,72;0,71;0,49;55,75;48,74;0,57
146,28;-0,72;0,71;0,49;55,75;48,74;0,57
146,30;-0,72;0,71;0,49;55,75;48,74;0,57
146,32;-0,72;0,71;0,49;55,75;48,74;0,57
146,34;-0,72;0,71;0,49;55,75;48,74;0,57
146,34;-0,72;0,71;0,49;55,75;48,74;0,57
146,34;0,20;1,34;1,01;55,75;48,74;0,57
146,36;0,20;1,34;1,01;55,75;48,74;0,57
146,38;0,20;1,34;1,01;55,75;48,74;0,57
146,40;0,20;1,34;1,01;55,75;48,74;0,57
146,40;0,20;1,34;1,01;55,75;48,74;0,57
146,40;1,59;2,30;3,36;55,75;48,74;0,57
146,42;1,59;2,30;3,36;55,75;48,74;0,57
146,44;1,59;2,30;3,36;55,75;48,74;0,57
146,46;1,59;2,30;3,36;55,75;48,74;0,57
146,46;3,18;0,51;2,59;55,75;48,74;0,57
146,46;3,18;0,51;2,59;55,75;48,74;0,57
146,48;3,18;0,51;2,59;55,75;48,74;0,57
146,49;3,18;0,51;2,59;55,75;48,74;0,57
146,51;3,18;0,51;2,59;55,75;48,74;0,57
146,53;3,18;0,51;2,59;55,75;48,74;0,57
146,54;0,52;-3,17;1,63;55,75;48,74;0,57
146,54;0,52;-3,17;1,63;55,75;48,74;0,57
146,55;0,52;-3,17;1,63;55,75;48,74;0,57
146,57;0,52;-3,17;1,63;55,75;48,74;0,57
146,59;0,52;-3,17;1,63;55,75;48,74;0,57
146,59;0,52;-3,17;1,63;55,75;48,74;0,57
146,59;0,78;-2,33;-0,28;55,75;48,74;0,57
146,61;0,78;-2,33;-0,28;55,75;48,74;0,57
146,63;0,78;-2,33;-0,28;55,75;48,74;0,57
146,65;0,78;-2,33;-0,28;55,75;48,74;0,57
146,67;0,78;-2,33;-0,28;55,75;48,74;0,57
146,67;0,32;-1,15;-3,46;55,75;48,74;0,57
146,67;0,32;-1,15;-3,46;55,75;48,74;0,57
146,69;0,32;-1,15;-3,46;55,75;48,74;0,57
146,71;0,32;-1,15;-3,46;55,75;48,74;0,57
146,73;0,32;-1,15;-3,46;55,75;48,74;0,57
146,73;0,32;-1,15;-3,46;55,75;48,74;0,57
146,73;0,00;-0,89;-4,95;55,75;48,74;0,57
146,75;0,00;-0,89;-4,95;55,75;48,74;0,57
146,77;0,00;-0,89;-4,95;55,75;48,74;0,57
146,79;0,00;-0,89;-4,95;55,75;48,74;0,57
146,79;-0,33;-0,30;-2,30;55,75;48,74;0,57
146,79;-0,33;-0,30;-2,30;55,75;48,74;0,57
146,81;-0,33;-0,30;-2,30;55,75;48,74;0,57
146,83;-0,33;-0,30;-2,30;55,75;48,74;0,57
146,85;-0,33;-0,30;-2,30;55,75;48,74;0,57
146,87;-0,33;-0,30;-2,30;55,75;48,74;0,57
146,87;-1,13;1,28;1,15;55,75;48,74;0,57
146,87;-1,13;1,28;1,15;55,75;48,74;0,57
146,89;-1,13;1,28;1,15;55,75;48,74;0,57
146,91;-1,13;1,28;1,15;55,75;48,74;0,57
146,93;-1,13;1,28;1,15;55,75;48,74;0,57
146,93;-1,13;1,28;1,15;55,75;48,74;0,57
146,93;-0,65;3,05;2,08;55,75;48,74;0,57
146,95;-0,65;3,05;2,08;55,75;48,74;0,57
146,97;-0,65;3,05;2,08;55,75;48,74;0,57
146,99;-0,65;3,05;2,08;55,75;48,74;0,37
146,99;-0,35;2,40;4,79;55,75;48,74;0,37
146,99;-0,35;2,40;4,79;55,75;48,74;0,37
147,01;-0,35;2,40;4,79;55,75;48,74;0,37
147,03;-0,35;2,40;4,79;55,75;48,74;0,37
147,04;-0,35;2,40;4,79;55,75;48,74;0,37
147,06;-0,35;2,40;4,79;55,75;48,74;0,37
147,07;-0,35;2,40;4,79;55,75;48,74;0,37
147,07;-1,40;-0,86;4,32;55,75;48,74;0,37
147,08;-1,40;-0,86;4,32;55,75;48,74;0,37
147,10;-1,40;-0,86;4,32;55,75;48,74;0,37
147,12;-1,40;-0,86;4,32;55,75;48,74;0,37
147,13;-1,05;-1,25;-0,53;55,75;48,74;0,37
147,13;-1,05;-1,25;-0,53;55,75;48,74;0,37
147,14;-1,05;-1,25;-0,53;55,75;48,74;0,37
147,16;-1,05;-1,25;-0,53;55,75;48,74;0,37
147,18;-1,05;-1,25;-0,53;55,75;48,74;0,37
147,20;-1,05;-1,25;-0,53;55,75;48,74;0,37
147,20;-1,05;-1,25;-0,53;55,75;48,74;0,37
147,20;0,25;-1,51;-1,21;55,75;48,74;0,37
147,22;0,25;-1,51;-1,21;55,75;48,74;0,37
147,24;0,25;-1,51;-1,21;55,75;48,74;0,37
147,26;0,25;-1,51;-1,21;55,75;48,74;0,37
147,26;0,25;-1,51;-1,21;55,75;48,74;0,37
147,26;0,53;-1,63;-2,68;55,75;48,74;0,37
147,28;0,53;-1,63;-2,68;55,75;48,74;0,37
147,30;0,53;-1,63;-2,68;55,75;48,74;0,37
147,32;0,53;-1,63;-2,68;55,75;48,74;0,37
147,32;0,53;-1,63;-2,68;55,75;48,74;0,37
147,32;0,82;-0,92;-4,01;55,75;48,74;0,37
147,34;0,82;-0,92;-4,01;55,75;48,74;0,37
147,36;0,82;-0,92;-4,01;55,75;48,74;0,37
147,38;0,82;-0,92;-4,01;55,75;48,74;0,37
147,40;0,82;-0,92;-4,01;55,75;48,74;0,37
147,40;0,82;-0,92;-4,01;55,75;48,74;0,37
147,40;0,92;0,13;-1,75;55,75;48,74;0,37
147,42;0,92;0,13;-1,75;55,75;48,74;0,37
147,44;0,92;0,13;-1,75;55,75;48,74;0,37
147,46;0,92;0,13;-1,75;55,75;48,74;0,37
147,46;0,92;0,13;-1,75;55,75;48,74;0,37
147,46;0,74;0,74;1,46;55,75;48,74;0,37
147,48;0,74;0,74;1,46;55,75;48,74;0,37
147,50;0,74;0,74;1,46;55,75;48,74;0,37
147,52;0,74;0,74;1,46;55,75;48,74;0,37
147,54;0,74;0,74;1,46;55,75;48,74;0,37
147,54;0,74;0,74;1,46;55,75;48,74;0,37
147,54;1,31;1,63;1,99;55,75;48,74;0,37
147,56;1,31;1,63;1,99;55,75;48,74;0,37
147,58;1,31;1,63;1,99;55,75;48,74;0,37
147,60;1,31;1,63;1,99;55,75;48,74;0,37
147,60;1,57;-0,16;4,48;55,75;48,74;0,37
147,60;1,57;-0,16;4,48;55,75;48,74;0,37
147,62;1,57;-0,16;4,48;55,75;48,74;0,37
147,64;1,57;-0,16;4,48;55,75;48,74;0,37
147,66;1,57;-1,54;2,59;55,75;48,74;0,37
147,66;1,57;-1,54;2,59;55,75;48,74;0,37
147,66;1,57;-1,54;2,59;55,75;48,74;0,37
147,67;1,57;-1,54;2,59;55,75;48,74;0,37
147,69;1,57;-1,54;2,59;55,75;48,74;0,37
147,71;1,57;-1,54;2,59;55,75;48,74;0,37
147,73;1,57;-1,54;2,59;55,75;48,74;0,37
147,73;1,57;-1,54;2,59;55,75;48,74;0,37
147,74;1,62;-1,54;-1,61;55,75;48,74;0,37
147,75;1,62;-1,54;-1,61;55,75;48,74;0,37
147,77;1,62;-1,54;-1,61;55,75;48,74;0,37
147,79;1,62;-1,54;-1,61;55,75;48,74;0,37
147,79;-0,67;-1,67;-3,30;55,75;48,74;0,37
147,80;-0,67;-1,67;-3,30;55,75;48,74;0,37
147,81;-0,67;-1,67;-3,30;55,75;48,74;0,37
147,83;-0,67;-1,67;-3,30;55,75;48,74;0,37
147,85;-0,67;-1,67;-3,30;55,75;48,74;0,37
147,87;-0,67;-1,67;-3,30;55,75;48,74;0,37
147,87;-0,67;-1,67;-3,30;55,75;48,74;0,37
147,87;-0,13;-1,46;-4,10;55,75;48,74;0,37
147,89;-0,13;-1,46;-4,10;55,75;48,74;0,37
147,91;-0,13;-1,46;-4,10;55,75;48,74;0,37
147,93;-0,13;-1,46;-4,10;55,75;48,74;0,37
147,93;-1,60;-0,04;-1,89;55,75;48,74;0,37
147,93;-1,60;-0,04;-1,89;55,75;48,74;0,37
147,95;-1,60;-0,04;-1,89;55,75;48,74;0,37
147,97;-1,60;-0,04;-1,89;55,75;48,74;0,37
147,99;-1,60;-0,04;-1,89;55,75;48,74;0,55
147,99;-1,60;-0,04;-1,89;55,75;48,74;0,55
147,99;-0,66;2,33;0,63;55,75;48,74;0,55
148,01;-0,66;2,33;0,63;55,75;48,74;0,55
148,03;-0,66;2,33;0,63;55,75;48,74;0,55
148,05;-0,66;2,33;0,63;55,75;48,74;0,55
148,07;-0,66;2,33;0,63;55,75;48,74;0,55
148,07;-0,66;2,33;0,63;55,75;48,74;0,55
148,07;-1,16;2,64;3,71;55,75;48,74;0,55
148,09;-1,16;2,64;3,71;55,75;48,74;0,55
148,11;-1,16;2,64;3,71;55,75;48,74;0,55
148,13;-1,16;2,64;3,71;55,75;48,74;0,55
148,13;-1,47;1,13;5,40;55,75;48,74;0,55
148,13;-1,47;1,13;5,40;55,75;48,74;0,55
148,15;-1,47;1,13;5,40;55,75;48,74;0,55
148,17;-1,47;1,13;5,40;55,75;48,74;0,55
148,19;-1,47;1,13;5,40;55,75;48,74;0,55
148,19;-0,49;-0,97;1,86;55,75;48,74;0,55
148,19;-0,49;-0,97;1,86;55,75;48,74;0,55
148,21;-0,49;-0,97;1,86;55,75;48,74;0,55
148,22;-0,49;-0,97;1,86;55,75;48,74;0,55
148,24;-0,49;-0,97;1,86;55,75;48,74;0,55
148,26;-0,49;-0,97;1,86;55,75;48,74;0,55
148,27;-0,02;-1,94;-0,57;55,75;48,74;0,55
148,27;-0,02;-1,94;-0,57;55,75;48,74;0,55
148,28;-0,02;-1,94;-0,57;55,75;48,74;0,55
148,30;-0,02;-1,94;-0,57;55,75;48,74;0,55
148,32;-0,02;-1,94;-0,57;55,75;48,74;0,55
148,32;-0,02;-1,94;-0,57;55,75;48,74;0,55
148,33;-0,64;-1,41;-3,56;55,75;48,74;0,55
148,34;-0,64;-1,41;-3,56;55,75;48,74;0,55
148,36;-0,64;-1,41;-3,56;55,75;48,74;0,55
148,38;-0,64;-1,41;-3,56;55,75;48,74;0,55
148,40;-0,64;-1,41;-3,56;55,75;48,74;0,55
148,40;-0,79;-0,72;-3,92;55,75;48,74;0,55
148,40;-0,79;-0,72;-3,92;55,75;48,74;0,55
148,42;-0,79;-0,72;-3,92;55,75;48,74;0,55
148,44;-0,79;-0,72;-3,92;55,75;48,74;0,55
148,46;-0,79;-0,72;-3,92;55,75;48,74;0,55
148,46;-1,57;-0,10;-1,03;55,75;48,74;0,55
148,46;-1,57;-0,10;-1,03;55,75;48,74;0,55
148,48;-1,57;-0,10;-1,03;55,75;48,74;0,55
148,50;-1,57;-0,10;-1,03;55,75;48,74;0,55
148,52;-1,57;-0,10;-1,03;55,75;48,74;0,55
148,53;-1,57;-0,10;-1,03;55,75;48,74;0,55
148,53;-0,75;1,42;0,24;55,75;48,74;0,55
148,54;-0,75;1,42;0,24;55,75;48,74;0,55
148,56;-0,75;1,42;0,24;55,75;48,74;0,55
148,58;-0,75;1,42;0,24;55,75;48,74;0,55
148,60;-0,75;1,42;0,24;55,75;48,74;0,55
148,60;-0,75;1,42;0,24;55,75;48,74;0,55
148,60;0,53;1,05;1,87;55,75;48,74;0,55
148,62;0,53;1,05;1,87;55,75;48,74;0,55
148,64;0,53;1,05;1,87;55,75;48,74;0,55
148,66;0,53;1,05;1,87;55,75;48,74;0,55
148,66;0,53;1,05;1,87;55,75;48,74;0,55
148,66;0,80;1,34;1,67;55,75;48,74;0,55
148,68;0,80;1,34;1,67;55,75;48,74;0,55
148,70;0,80;1,34;1,67;55,75;48,74;0,55
148,72;0,80;1,34;1,67;55,75;48,74;0,55
148,74;0,80;1,34;1,67;55,75;48,74;0,55
148,74;0,80;1,34;1,67;55,75;48,74;0,55
148,74;1,40;-0,79;3,97;55,75;48,74;0,55
148,76;1,40;-0,79;3,97;55,75;48,74;0,55
148,78;1,40;-0,79;3,97;55,75;48,74;0,55
148,80;2,61;-1,97;0,51;55,75;48,74;0,55
148,80;2,61;-1,97;0,51;55,75;48,74;0,55
148,80;2,61;-1,97;0,51;55,75;48,74;0,55
148,82;2,61;-1,97;0,51;55,75;48,74;0,55
148,84;2,61;-1,97;0,51;55,75;48,74;0,55
148,86;2,61;-1,97;0,51;55,75;48,74;0,55
148,86;2,61;-1,97;0,51;55,75;48,74;0,55
148,86;0,79;-1,43;-2,21;55,75;48,74;0,55
148,87;0,79;-1,43;-2,21;55,75;48,74;0,55
148,89;0,79;-1,43;-2,21;55,75;48,74;0,55
148,91;0,79;-1,43;-2,21;55,75;48,74;0,55
148,93;-1,39;-1,35;-4,02;55,75;48,74;0,55
148,94;-1,39;-1,35;-4,02;55,75;48,74;0,55
148,94;-1,39;-1,35;-4,02;55,75;48,74;0,55
148,95;-1,39;-1,35;-4,02;55,75;48,74;0,55
148,97;-1,39;-1,35;-4,02;55,75;48,74;0,55
148,99;-1,39;-1,35;-4,02;55,75;48,74;0,46
148,99;-1,39;-1,35;-4,02;55,75;48,74;0,46
148,99;-0,82;-0,05;-3,21;55,75;48,74;0,46
149,01;-0,82;-0,05;-3,21;55,75;48,74;0,46
149,03;-0,82;-0,05;-3,21;55,75;48,74;0,46
149,05;-0,82;-0,05;-3,21;55,75;48,74;0,46
149,07;-0,82;-0,05;-3,21;55,75;48,74;0,46
149,08;-1,02;0,75;-0,82;55,75;48,74;0,46
149,08;-1,02;0,75;-0,82;55,75;48,74;0,46
149,09;-1,02;0,75;-0,82;55,75;48,74;0,46
149,11;-1,02;0,75;-0,82;55,75;48,74;0,46
149,13;-1,02;0,75;-0,82;55,75;48,74;0,46
149,13;-1,02;0,75;-0,82;55,75;48,74;0,46
149,13;-1,29;1,78;1,30;55,75;48,74;0,46
149,15;-1,29;1,78;1,30;55,75;48,74;0,46
149,17;-1,29;1,78;1,30;55,75;48,74;0,46
149,19;-1,29;1,78;1,30;55,75;48,74;0,46
149,19;-1,29;1,78;1,30;55,75;48,74;0,46
149,19;-1,03;2,02;4,24;55,75;48,74;0,46
149,21;-1,03;2,02;4,24;55,75;48,74;0,46
149,23;-1,03;2,02;4,24;55,75;48,74;0,46
149,25;-1,03;2,02;4,24;55,75;48,74;0,46
149,27;-1,03;2,02;4,24;55,75;48,74;0,46
149,27;0,33;1,87;3,24;55,75;48,74;0,46
149,27;0,33;1,87;3,24;55,75;48,74;0,46
149,29;0,33;1,87;3,24;55,75;48,74;0,46
149,31;0,33;1,87;3,24;55,75;48,74;0,46
149,33;0,33;1,87;3,24;55,75;48,74;0,46
149,33;-1,94;-1,01;1,41;55,75;48,74;0,46
149,33;-1,94;-1,01;1,41;55,75;48,74;0,46
149,35;-1,94;-1,01;1,41;55,75;48,74;0,46
149,37;-1,94;-1,01;1,41;55,75;48,74;0,46
149,39;-1,94;-1,01;1,41;55,75;48,74;0,46
149,41;-1,94;-1,01;1,41;55,75;48,74;0,46
149,41;-0,08;-1,84;0,83;55,75;48,74;0,46
149,41;-0,08;-1,84;0,83;55,75;48,74;0,46
149,42;-0,08;-1,84;0,83;55,75;48,74;0,46
149,44;-0,08;-1,84;0,83;55,75;48,74;0,46
149,46;-0,08;-1,84;0,83;55,75;48,74;0,46
149,47;0,35;-1,94;-2,06;55,75;48,74;0,46
149,47;0,35;-1,94;-2,06;55,75;48,74;0,46
149,48;0,35;-1,94;-2,06;55,75;48,74;0,46
149,50;0,35;-1,94;-2,06;55,75;48,74;0,46
149,53;0,35;-1,94;-2,06;55,75;48,74;0,46
149,53;0,35;-1,94;-2,06;55,75;48,74;0,46
149,53;0,72;-1,85;-2,38;55,75;48,74;0,46
149,54;0,72;-1,85;-2,38;55,75;48,74;0,46
149,56;0,72;-1,85;-2,38;55,75;48,74;0,46
149,58;0,72;-1,85;-2,38;55,75;48,74;0,46
149,60;0,72;-1,85;-2,38;55,75;48,74;0,46
149,60;0,72;-1,85;-2,38;55,75;48,74;0,46
149,60;1,01;-0,87;-3,28;55,75;48,74;0,46
149,62;1,01;-0,87;-3,28;55,75;48,74;0,46
149,64;1,01;-0,87;-3,28;55,75;48,74;0,46
149,66;1,01;-0,87;-3,28;55,75;48,74;0,46
149,66;1,32;0,27;-1,28;55,75;48,74;0,46
149,66;1,32;0,27;-1,28;55,75;48,74;0,46
149,68;1,32;0,27;-1,28;55,75;48,74;0,46
149,70;1,32;0,27;-1,28;55,75;48,74;0,46
149,72;1,32;0,27;-1,28;55,75;48,74;0,46
149,72;1,32;0,27;-1,28;55,75;48,74;0,46
149,72;1,46;1,06;1,46;55,75;48,74;0,46
149,74;1,46;1,06;1,46;55,75;48,74;0,46
149,76;1,46;1,06;1,46;55,75;48,74;0,46
149,78;1,46;1,06;1,46;55,75;48,74;0,46
149,80;1,46;1,06;1,46;55,75;48,74;0,46
149,80;1,46;1,06;1,46;55,75;48,74;0,46
149,80;1,64;1,77;3,00;55,75;48,74;0,46
149,82;1,64;1,77;3,00;55,75;48,74;0,46
149,84;1,64;1,77;3,00;55,75;48,74;0,46
149,86;1,64;1,77;3,00;55,75;48,74;0,46
149,86;1,10;-0,28;3,38;55,75;48,74;0,46
149,86;1,10;-0,28;3,38;55,75;48,74;0,46
149,88;1,10;-0,28;3,38;55,75;48,74;0,46
149,90;1,10;-0,28;3,38;55,75;48,74;0,46
149,92;1,10;-0,28;3,38;55,75;48,74;0,46
149,94;1,10;-0,28;3,38;55,75;48,74;0,46
149,94;1,10;-0,28;3,38;55,75;48,74;0,46
149,94;-0,01;-1,39;1,22;55,75;48,74;0,46
149,96;-0,01;-1,39;1,22;55,75;48,74;0,46
149,97;-0,01;-1,39;1,22;55,75;48,74;0,46
149,99;-0,01;-1,39;1,22;55,75;48,74;0,72
150,00;-0,01;-1,39;1,22;55,75;48,74;0,72
150,00;0,72;-1,53;-0,24;55,75;48,74;0,72
150,01;0,72;-1,53;-0,24;55,75;48,74;0,72
150,03;0,72;-1,53;-0,24;55,75;48,74;0,72
150,05;0,72;-1,53;-0,24;55,75;48,74;0,72
150,06;-1,08;-1,28;-4,35;55,75;48,74;0,72
150,06;-1,08;-1,28;-4,35;55,75;48,74;0,72
150,07;-1,08;-1,28;-4,35;55,75;48,74;0,72
150,09;-1,08;-1,28;-4,35;55,75;48,74;0,72
150,11;-1,08;-1,28;-4,35;55,75;48,74;0,72
150,13;-1,08;-1,28;-4,35;55,75;48,74;0,72
150,13;-1,08;-1,28;-4,35;55,75;48,74;0,72
150,13;-0,85;-0,73;-3,98;55,75;48,74;0,72
150,15;-0,85;-0,73;-3,98;55,75;48,74;0,72
150,17;-0,85;-0,73;-3,98;55,75;48,74;0,72
150,19;-0,85;-0,73;-3,98;55,75;48,74;0,72
150,19;-0,65;0,72;-1,65;55,75;48,74;0,72
150,19;-0,65;0,72;-1,65;55,75;48,74;0,72
150,21;-0,65;0,72;-1,65;55,75;48,74;0,72
150,23;-0,65;0,72;-1,65;55,75;48,74;0,72
150,25;-0,65;0,72;-1,65;55,75;48,74;0,72
150,27;-0,65;0,72;-1,65;55,75;48,74;0,72
150,27;-0,65;0,72;-1,65;55,75;48,74;0,72
150,27;-0,42;2,41;1,71;55,75;48,74;0,72
150,29;-0,42;2,41;1,71;55,75;48,74;0,72
150,31;-0,42;2,41;1,71;55,75;48,74;0,72
150,33;-0,42;2,41;1,71;55,75;48,74;0,72
150,33;-0,42;2,41;1,71;55,75;48,74;0,72
150,33;-1,23;2,36;3,07;55,75;48,74;0,72
150,35;-1,23;2,36;3,07;55,75;48,74;0,72
150,37;-1,23;2,36;3,07;55,75;48,74;0,72
150,39;-1,23;2,36;3,07;55,75;48,74;0,72
150,39;-1,23;2,36;3,07;55,75;48,74;0,72
150,39;-1,26;1,18;4,94;55,75;48,74;0,72
150,41;-1,26;1,18;4,94;55,75;48,74;0,72
150,43;-1,26;1,18;4,94;55,75;48,74;0,72
150,45;-1,26;1,18;4,94;55,75;48,74;0,72
150,47;-1,26;1,18;4,94;55,75;48,74;0,72
150,47;-2,40;-1,72;2,43;55,75;48,74;0,72
150,47;-2,40;-1,72;2,43;55,75;48,74;0,72
150,49;-2,40;-1,72;2,43;55,75;48,74;0,72
150,51;-2,40;-1,72;2,43;55,75;48,74;0,72
150,53;-2,40;-1,72;2,43;55,75;48,74;0,72
150,53;-2,40;-1,72;2,43;55,75;48,74;0,72
150,53;-0,58;-1,78;-0,20;55,75;48,74;0,72
150,55;-0,58;-1,78;-0,20;55,75;48,74;0,72
150,56;-0,58;-1,78;-0,20;55,75;48,74;0,72
150,58;-0,58;-1,78;-0,20;55,75;48,74;0,72
150,60;-0,58;-1,78;-0,20;55,75;48,74;0,72
150,61;-0,58;-1,78;-0,20;55,75;48,74;0,72
150,61;-0,03;-1,61;-1,87;55,75;48,74;0,72
150,62;-0,03;-1,61;-1,87;55,75;48,74;0,72
150,64;-0,03;-1,61;-1,87;55,75;48,74;0,72
150,66;-0,03;-1,61;-1,87;55,75;48,74;0,72
150,66;0,48;-1,30;-4,05;55,75;48,74;0,72
150,67;0,48;-1,30;-4,05;55,75;48,74;0,72
150,68;0,48;-1,30;-4,05;55,75;48,74;0,72
150,70;0,48;-1,30;-4,05;55,75;48,74;0,72
150,72;0,48;-1,30;-4,05;55,75;48,74;0,72
150,72;0,48;-1,30;-4,05;55,75;48,74;0,72
150,73;0,55;-0,51;-3,28;55,75;48,74;0,72
150,74;0,55;-0,51;-3,28;55,75;48,74;0,72
150,76;0,55;-0,51;-3,28;55,75;48,74;0,72
150,78;0,55;-0,51;-3,28;55,75;48,74;0,72
150,80;-0,04;0,21;-0,05;55,75;48,74;0,72
150,80;-0,04;0,21;-0,05;55,75;48,74;0,72
150,80;-0,04;0,21;-0,05;55,75;48,74;0,72
150,82;-0,04;0,21;-0,05;55,75;48,74;0,72
150,84;-0,04;0,21;-0,05;55,75;48,74;0,72
150,86;-0,04;0,21;-0,05;55,75;48,74;0,72
150,86;-0,04;0,21;-0,05;55,75;48,74;0,72
150,86;0,45;1,11;1,37;55,75;48,74;0,72
150,88;0,45;1,11;1,37;55,75;48,74;0,72
150,90;0,45;1,11;1,37;55,75;48,74;0,72
150,92;0,45;1,11;1,37;55,75;48,74;0,72
150,92;1,35;2,10;3,05;55,75;48,74;0,72
150,92;1,35;2,10;3,05;55,75;48,74;0,72
150,94;1,35;2,10;3,05;55,75;48,74;0,72
150,96;1,35;2,10;3,05;55,75;48,74;0,72
150,98;1,35;2,10;3,05;55,75;48,74;0,72
151,00;1,35;2,10;3,05;55,75;48,74;0,72
151,00;1,35;2,10;3,05;55,75;48,74;0,72
151,00;1,39;0,38;3,19;55,75;48,74;0,72
151,02;1,39;0,38;3,19;55,75;48,74;0,72
151,04;1,39;0,38;3,19;55,75;48,74;0,72
151,06;1,39;0,38;3,19;55,75;48,74;0,72
151,06;0,99;-2,00;1,26;55,75;48,74;0,72
151,06;0,99;-2,00;1,26;55,75;48,74;0,72
151,08;0,99;-2,00;1,26;55,75;48,74;0,72
151,10;0,99;-2,00;1,26;55,75;48,74;0,72
151,12;0,99;-2,00;1,26;55,75;48,74;0,72
151,14;0,99;-2,00;1,26;55,75;48,74;0,72
151,14;0,99;-2,00;1,26;55,75;48,74;0,72
151,14;1,63;-1,67;-1,19;55,75;48,74;0,72
151,16;1,63;-1,67;-1,19;55,75;48,74;0,72
151,17;1,63;-1,67;-1,19;55,75;48,74;0,72
151,20;1,63;-1,67;-1,19;55,75;48,74;0,72
151,20;-0,92;-1,39;-3,53;55,75;48,74;0,72
151,20;-0,92;-1,39;-3,53;55,75;48,74;0,72
151,21;-0,92;-1,39;-3,53;55,75;48,74;0,72
151,23;-0,92;-1,39;-3,53;55,75;48,74;0,72
151,25;-0,92;-1,39;-3,53;55,75;48,74;0,72
151,26;-0,92;-1,39;-3,53;55,75;48,74;0,72
151,26;-0,89;-0,61;-3,94;55,75;48,74;0,72
151,27;-0,89;-0,61;-3,94;55,75;48,74;0,72
151,29;-0,89;-0,61;-3,94;55,75;48,74;0,72
151,31;-0,89;-0,61;-3,94;55,75;48,74;0,72
151,33;-0,89;-0,61;-3,94;55,75;48,74;0,72
151,33;-0,92;0,38;-2,37;55,75;48,74;0,72
151,34;-0,92;0,38;-2,37;55,75;48,74;0,72
151,35;-0,92;0,38;-2,37;55,75;48,74;0,72
151,37;-0,92;0,38;-2,37;55,75;48,74;0,72
151,39;-0,92;0,38;-2,37;55,75;48,74;0,72
151,39;-0,92;0,38;-2,37;55,75;48,74;0,72
151,39;-0,85;1,75;1,24;55,75;48,74;0,72
151,41;-0,85;1,75;1,24;55,75;48,74;0,72
151,43;-0,85;1,75;1,24;55,75;48,74;0,72
151,45;-0,85;1,75;1,24;55,75;48,74;0,72
151,47;-0,85;1,75;1,24;55,75;48,74;0,72
151,47;-1,69;1,80;3,76;55,75;48,74;0,72
151,47;-1,69;1,80;3,76;55,75;48,74;0,72
151,49;-1,69;1,80;3,76;55,75;48,74;0,72
151,51;-1,69;1,80;3,76;55,75;48,74;0,72
151,53;-1,69;1,80;3,76;55,75;48,74;0,72
151,53;-1,69;1,80;3,76;55,75;48,74;0,72
151,53;-0,87;2,06;3,20;55,75;48,74;0,72
151,55;-0,87;2,06;3,20;55,75;48,74;0,72
151,57;-0,87;2,06;3,20;55,75;48,74;0,72
151,59;-0,87;2,06;3,20;55,75;48,74;0,72
151,59;0,06;-0,60;2,63;55,75;48,74;0,72
151,59;0,06;-0,60;2,63;55,75;48,74;0,72
151,61;0,06;-0,60;2,63;55,75;48,74;0,72
151,63;0,06;-0,60;2,63;55,75;48,74;0,72
151,65;0,06;-0,60;2,63;55,75;48,74;0,72
151,67;0,06;-0,60;2,63;55,75;48,74;0,72
151,67;0,06;-0,60;2,63;55,75;48,74;0,72
151,67;-1,30;-1,47;-0,92;55,75;48,74;0,72
151,69;-1,30;-1,47;-0,92;55,75;48,74;0,72
151,71;-1,30;-1,47;-0,92;55,75;48,74;0,72
151,73;-1,30;-1,47;-0,92;55,75;48,74;0,72
151,73;0,45;-1,47;-0,09;55,75;48,74;0,72
151,73;0,45;-1,47;-0,09;55,75;48,74;0,72
151,74;0,45;-1,47;-0,09;55,75;48,74;0,72
151,76;0,45;-1,47;-0,09;55,75;48,74;0,72
151,78;0,45;-1,47;-0,09;55,75;48,74;0,72
151,80;1,10;-1,06;-2,86;55,75;48,74;0,72
151,81;1,10;-1,06;-2,86;55,75;48,74;0,72
151,81;1,10;-1,06;-2,86;55,75;48,74;0,72
151,82;1,10;-1,06;-2,86;55,75;48,74;0,72
151,84;1,10;-1,06;-2,86;55,75;48,74;0,72
151,86;1,10;-1,06;-2,86;55,75;48,74;0,72
151,86;1,10;-1,06;-2,86;55,75;48,74;0,72
151,86;0,46;-0,41;-3,40;55,75;48,74;0,72
151,88;0,46;-0,41;-3,40;55,75;48,74;0,72
151,90;0,46;-0,41;-3,40;55,75;48,74;0,72
151,92;0,46;-0,41;-3,40;55,75;48,74;0,72
151,92;0,46;-0,41;-3,40;55,75;48,74;0,72
151,92;0,18;0,10;-0,89;55,75;48,74;0,72
151,94;0,18;0,10;-0,89;55,75;48,74;0,72
151,96;0,18;0,10;-0,89;55,75;48,74;0,72
151,98;0,18;0,10;-0,89;55,75;48,74;0,43
152,00;0,91;0,49;1,45;55,75;48,74;0,43
152,00;0,91;0,49;1,45;55,75;48,74;0,43
152,00;0,91;0,49;1,45;55,75;48,74;0,43
152,02;0,91;0,49;1,45;55,75;48,74;0,43
152,04;0,91;0,49;1,45;55,75;48,74;0,43
152,06;0,91;0,49;1,45;55,75;48,74;0,43
152,06;1,56;1,08;2,00;55,75;48,74;0,43
152,06;1,56;1,08;2,00;55,75;48,74;0,43
152,08;1,56;1,08;2,00;55,75;48,74;0,43
152,10;1,56;1,08;2,00;55,75;48,74;0,43
152,12;1,56;1,08;2,00;55,75;48,74;0,43
152,14;1,56;1,08;2,00;55,75;48,74;0,43
152,14;1,56;1,08;2,00;55,75;48,74;0,43
152,14;1,23;-0,07;2,80;55,75;48,74;0,43
152,16;1,23;-0,07;2,80;55,75;48,74;0,43
152,18;1,23;-0,07;2,80;55,75;48,74;0,43
152,20;1,23;-0,07;2,80;55,75;48,74;0,43
152,20;1,23;-0,07;2,80;55,75;48,74;0,43
152,20;0,74;-0,99;2,51;55,75;48,74;0,43
152,22;0,74;-0,99;2,51;55,75;48,74;0,43
152,24;0,74;-0,99;2,51;55,75;48,74;0,43
152,26;0,74;-0,99;2,51;55,75;48,74;0,43
152,26;0,74;-0,99;2,51;55,75;48,74;0,43
152,26;2,00;-1,13;-0,13;55,75;48,74;0,43
152,28;2,00;-1,13;-0,13;55,75;48,74;0,43
152,30;2,00;-1,13;-0,13;55,75;48,74;0,43
152,32;2,00;-1,13;-0,13;55,75;48,74;0,43
152,34;2,00;-1,13;-0,13;55,75;48,74;0,43
152,34;2,00;-1,13;-0,13;55,75;48,74;0,43
152,34;-0,88;-1,19;-3,90;55,75;48,74;0,43
152,35;-0,88;-1,19;-3,90;55,75;48,74;0,43
152,37;-0,88;-1,19;-3,90;55,75;48,74;0,43
152,39;-0,88;-1,19;-3,90;55,75;48,74;0,43
152,40;-0,88;-1,19;-3,90;55,75;48,74;0,43
152,40;-0,58;-0,76;-3,51;55,75;48,74;0,43
152,41;-0,58;-0,76;-3,51;55,75;48,74;0,43
152,43;-0,58;-0,76;-3,51;55,75;48,74;0,43
152,45;-0,58;-0,76;-3,51;55,75;48,74;0,43
152,45;-0,58;-0,76;-3,51;55,75;48,74;0,43
152,46;-1,03;-0,04;-2,31;55,75;48,74;0,43
152,47;-1,03;-0,04;-2,31;55,75;48,74;0,43
152,49;-1,03;-0,04;-2,31;55,75;48,74;0,43
152,51;-1,03;-0,04;-2,31;55,75;48,74;0,43
152,53;-1,03;-0,04;-2,31;55,75;48,74;0,43
152,53;-1,03;-0,04;-2,31;55,75;48,74;0,43
152,53;-1,52;1,37;0,11;55,75;48,74;0,43
152,55;-1,52;1,37;0,11;55,75;48,74;0,43
152,57;-1,52;1,37;0,11;55,75;48,74;0,43
152,59;-1,52;1,37;0,11;55,75;48,74;0,43
152,59;-1,52;1,37;0,11;55,75;48,74;0,43
152,59;-1,21;2,34;2,33;55,75;48,74;0,43
152,61;-1,21;2,34;2,33;55,75;48,74;0,43
152,63;-1,21;2,34;2,33;55,75;48,74;0,43
152,65;-1,21;2,34;2,33;55,75;48,74;0,43
152,67;-1,21;2,34;2,33;55,75;48,74;0,43
152,67;-1,21;2,34;2,33;55,75;48,74;0,43
152,67;-1,43;1,52;6,26;55,75;48,74;0,43
152,69;-1,43;1,52;6,26;55,75;48,74;0,43
152,71;-1,43;1,52;6,26;55,75;48,74;0,43
152,73;-1,43;1,52;6,26;55,75;48,74;0,43
152,73;-1,47;-1,16;2,49;55,75;48,74;0,43
152,73;-1,47;-1,16;2,49;55,75;48,74;0,43
152,75;-1,47;-1,16;2,49;55,75;48,74;0,43
152,77;-1,47;-1,16;2,49;55,75;48,74;0,43
152,79;-1,47;-1,16;2,49;55,75;48,74;0,43
152,79;-1,47;-1,16;2,49;55,75;48,74;0,43
152,79;-0,60;-1,44;-1,16;55,75;48,74;0,43
152,81;-0,60;-1,44;-1,16;55,75;48,74;0,43
152,83;-0,60;-1,44;-1,16;55,75;48,74;0,43
152,85;-0,60;-1,44;-1,16;55,75;48,74;0,43
152,87;-0,60;-1,44;-1,16;55,75;48,74;0,43
152,87;-0,30;-1,59;-1,71;55,75;48,74;0,43
152,87;-0,30;-1,59;-1,71;55,75;48,74;0,43
152,89;-0,30;-1,59;-1,71;55,75;48,74;0,43
152,91;-0,30;-1,59;-1,71;55,75;48,74;0,43
152,93;-0,30;-1,59;-1,71;55,75;48,74;0,43
152,93;-0,30;-1,59;-1,71;55,75;48,74;0,43
152,93;0,20;-1,41;-3,02;55,75;48,74;0,43
152,95;0,20;-1,41;-3,02;55,75;48,74;0,43
152,97;0,20;-1,41;-3,02;55,75;48,74;0,43
152,98;0,20;-1,41;-3,02;55,75;48,74;0,43
153,00;0,20;-1,41;-3,02;55,75;48,74;0,77
153,01;0,20;-1,41;-3,02;55,75;48,74;0,77
153,01;0,32;-0,67;-2,92;55,75;48,74;0,77
153,02;0,32;-0,67;-2,92;55,75;48,74;0,77
153,04;0,32;-0,67;-2,92;55,75;48,74;0,77
153,06;0,32;-0,67;-2,92;55,75;48,74;0,77
153,06;0,58;0,35;-0,59;55,75;48,74;0,77
153,07;0,58;0,35;-0,59;55,75;48,74;0,77
153,08;0,58;0,35;-0,59;55,75;48,74;0,77
153,10;0,58;0,35;-0,59;55,75;48,74;0,77
153,12;0,58;0,35;-0,59;55,75;48,74;0,77
153,12;1,44;1,31;2,09;55,75;48,74;0,77
153,13;1,44;1,31;2,09;55,75;48,74;0,77
153,14;1,44;1,31;2,09;55,75;48,74;0,77
153,16;1,44;1,31;2,09;55,75;48,74;0,77
153,18;1,44;1,31;2,09;55,75;48,74;0,77
153,20;1,44;1,31;2,09;55,75;48,74;0,77
153,20;1,97;2,08;2,55;55,75;48,74;0,77
153,20;1,97;2,08;2,55;55,75;48,74;0,77
153,22;1,97;2,08;2,55;55,75;48,74;0,77
153,24;1,97;2,08;2,55;55,75;48,74;0,77
153,26;1,97;2,08;2,55;55,75;48,74;0,77
153,26;1,97;2,08;2,55;55,75;48,74;0,77
153,26;0,65;-0,49;3,01;55,75;48,74;0,77
153,28;0,65;-0,49;3,01;55,75;48,74;0,77
153,30;0,65;-0,49;3,01;55,75;48,74;0,77
153,32;0,65;-0,49;3,01;55,75;48,74;0,77
153,34;0,65;-0,49;3,01;55,75;48,74;0,77
153,34;0,65;-0,49;3,01;55,75;48,74;0,77
153,34;0,22;-1,52;1,01;55,75;48,74;0,77
153,36;0,22;-1,52;1,01;55,75;48,74;0,77
153,38;0,22;-1,52;1,01;55,75;48,74;0,77
153,40;0,22;-1,52;1,01;55,75;48,74;0,77
153,40;0,22;-1,52;1,01;55,75;48,74;0,77
153,40;1,18;-1,33;-0,60;55,75;48,74;0,77
153,42;1,18;-1,33;-0,60;55,75;48,74;0,77
153,44;1,18;-1,33;-0,60;55,75;48,74;0,77
153,46;-0,43;-1,05;-4,43;55,75;48,74;0,77
153,46;-0,43;-1,05;-4,43;55,75;48,74;0,77
153,46;-0,43;-1,05;-4,43;55,75;48,74;0,77
153,48;-0,43;-1,05;-4,43;55,75;48,74;0,77
153,50;-0,43;-1,05;-4,43;55,75;48,74;0,77
153,52;-0,43;-1,05;-4,43;55,75;48,74;0,77
153,54;-0,43;-1,05;-4,43;55,75;48,74;0,77
153,54;-0,43;-1,05;-4,43;55,75;48,74;0,77
153,54;-0,37;-0,93;-4,38;55,75;48,74;0,77
153,55;-0,37;-0,93;-4,38;55,75;48,74;0,77
153,57;-0,37;-0,93;-4,38;55,75;48,74;0,77
153,59;-0,37;-0,93;-4,38;55,75;48,74;0,77
153,60;-0,72;0,07;-2,05;55,75;48,74;0,77
153,60;-0,72;0,07;-2,05;55,75;48,74;0,77
153,61;-0,72;0,07;-2,05;55,75;48,74;0,77
153,63;-0,72;0,07;-2,05;55,75;48,74;0,77
153,65;-0,72;0,07;-2,05;55,75;48,74;0,77
153,65;-0,72;0,07;-2,05;55,75;48,74;0,77
153,66;0,18;2,15;1,51;55,75;48,74;0,77
153,67;0,18;2,15;1,51;55,75;48,74;0,77
153,69;0,18;2,15;1,51;55,75;48,74;0,77
153,71;0,18;2,15;1,51;55,75;48,74;0,77
153,73;0,18;2,15;1,51;55,75;48,74;0,77
153,73;0,18;2,15;1,51;55,75;48,74;0,77
153,73;-0,48;2,29;3,79;55,75;48,74;0,77
153,75;-0,48;2,29;3,79;55,75;48,74;0,77
153,77;-0,48;2,29;3,79;55,75;48,74;0,77
153,79;-0,48;2,29;3,79;55,75;48,74;0,77
153,79;-0,48;2,29;3,79;55,75;48,74;0,77
153,79;-0,32;1,24;4,58;55,75;48,74;0,77
153,81;-0,32;1,24;4,58;55,75;48,74;0,77
153,83;-0,32;1,24;4,58;55,75;48,74;0,77
153,85;-0,32;1,24;4,58;55,75;48,74;0,77
153,87;-0,32;1,24;4,58;55,75;48,74;0,77
153,87;-1,70;-0,91;1,22;55,75;48,74;0,77
153,87;-1,70;-0,91;1,22;55,75;48,74;0,77
153,89;-1,70;-0,91;1,22;55,75;48,74;0,77
153,91;-1,70;-0,91;1,22;55,75;48,74;0,77
153,93;-1,70;-0,91;1,22;55,75;48,74;0,77
153,93;-1,70;-0,91;1,22;55,75;48,74;0,77
153,93;-0,65;-1,40;0,16;55,75;48,74;0,77
153,95;-0,65;-1,40;0,16;55,75;48,74;0,77
153,97;-0,65;-1,40;0,16;55,75;48,74;0,77
153,99;-0,65;-1,40;0,16;55,75;48,74;1,22
153,99;-0,11;-1,78;-1,38;55,75;48,74;1,22
153,99;-0,11;-1,78;-1,38;55,75;48,74;1,22
154,01;-0,11;-1,78;-1,38;55,75;48,74;1,22
154,03;-0,11;-1,78;-1,38;55,75;48,74;1,22
154,05;-0,11;-1,78;-1,38;55,75;48,74;1,22
154,07;-0,11;-1,78;-1,38;55,75;48,74;1,22
154,07;0,88;-1,35;-3,84;55,75;48,74;1,22
154,07;0,88;-1,35;-3,84;55,75;48,74;1,22
154,08;0,88;-1,35;-3,84;55,75;48,74;1,22
154,11;0,88;-1,35;-3,84;55,75;48,74;1,22
154,13;0,88;-1,35;-3,84;55,75;48,74;1,22
154,13;0,84;-0,50;-3,24;55,75;48,74;1,22
154,13;0,84;-0,50;-3,24;55,75;48,74;1,22
154,14;0,84;-0,50;-3,24;55,75;48,74;1,22
154,16;0,84;-0,50;-3,24;55,75;48,74;1,22
154,18;0,84;-0,50;-3,24;55,75;48,74;1,22
154,20;0,84;-0,50;-3,24;55,75;48,74;1,22
154,20;0,84;-0,50;-3,24;55,75;48,74;1,22
154,20;0,65;0,39;-0,34;55,75;48,74;1,22
154,22;0,65;0,39;-0,34;55,75;48,74;1,22
154,24;0,65;0,39;-0,34;55,75;48,74;1,22
154,26;0,65;0,39;-0,34;55,75;48,74;1,22
154,26;1,58;1,26;1,78;55,75;48,74;1,22
154,26;1,58;1,26;1,78;55,75;48,74;1,22
154,28;1,58;1,26;1,78;55,75;48,74;1,22
154,30;1,58;1,26;1,78;55,75;48,74;1,22
154,32;1,58;1,26;1,78;55,75;48,74;1,22
154,32;1,58;1,26;1,78;55,75;48,74;1,22
154,32;1,70;1,71;2,96;55,75;48,74;1,22
154,34;1,70;1,71;2,96;55,75;48,74;1,22
154,36;1,70;1,71;2,96;55,75;48,74;1,22
154,38;1,70;1,71;2,96;55,75;48,74;1,22
154,40;1,70;1,71;2,96;55,75;48,74;1,22
154,40;0,93;-0,71;4,07;55,75;48,74;1,22
154,40;0,93;-0,71;4,07;55,75;48,74;1,22
154,42;0,93;-0,71;4,07;55,75;48,74;1,22
154,44;0,93;-0,71;4,07;55,75;48,74;1,22
154,46;0,93;-0,71;4,07;55,75;48,74;1,22
154,46;0,93;-0,71;4,07;55,75;48,74;1,22
154,46;0,94;-1,78;0,05;55,75;48,74;1,22
154,48;0,94;-1,78;0,05;55,75;48,74;1,22
154,50;0,94;-1,78;0,05;55,75;48,74;1,22
154,52;0,94;-1,78;0,05;55,75;48,74;1,22
154,54;0,94;-1,78;0,05;55,75;48,74;1,22
154,54;0,87;-1,94;-1,11;55,75;48,74;1,22
154,54;0,87;-1,94;-1,11;55,75;48,74;1,22
154,56;0,87;-1,94;-1,11;55,75;48,74;1,22
154,58;0,87;-1,94;-1,11;55,75;48,74;1,22
154,60;0,87;-1,94;-1,11;55,75;48,74;1,22
154,60;0,87;-1,94;-1,11;55,75;48,74;1,22
154,60;-0,97;-1,00;-3,29;55,75;48,74;1,22
154,62;-0,97;-1,00;-3,29;55,75;48,74;1,22
154,64;-0,97;-1,00;-3,29;55,75;48,74;1,22
154,66;-0,97;-1,00;-3,29;55,75;48,74;1,22
154,66;-0,73;-0,63;-3,10;55,75;48,74;1,22
154,66;-0,73;-0,63;-3,10;55,75;48,74;1,22
154,67;-0,73;-0,63;-3,10;55,75;48,74;1,22
154,69;-0,73;-0,63;-3,10;55,75;48,74;1,22
154,71;-0,73;-0,63;-3,10;55,75;48,74;1,22
154,73;-0,73;-0,63;-3,10;55,75;48,74;1,22
154,73;-0,73;-0,63;-3,10;55,75;48,74;1,22
154,74;-1,16;0,12;-1,95;55,75;48,74;1,22
154,75;-1,16;0,12;-1,95;55,75;48,74;1,22
154,77;-1,16;0,12;-1,95;55,75;48,74;1,22
154,79;-1,16;0,12;-1,95;55,75;48,74;1,22
154,79;-1,28;1,64;1,10;55,75;48,74;1,22
154,79;-1,28;1,64;1,10;55,75;48,74;1,22
154,81;-1,28;1,64;1,10;55,75;48,74;1,22
154,83;-1,28;1,64;1,10;55,75;48,74;1,22
154,85;-1,28;1,64;1,10;55,75;48,74;1,22
154,85;-1,28;1,64;1,10;55,75;48,74;1,22
154,85;-1,34;2,97;2,86;55,75;48,74;1,22
154,87;-1,34;2,97;2,86;55,75;48,74;1,22
154,89;-1,34;2,97;2,86;55,75;48,74;1,22
154,91;-1,34;2,97;2,86;55,75;48,74;1,22
154,93;-1,34;2,97;2,86;55,75;48,74;1,22
154,93;-1,34;2,97;2,86;55,75;48,74;1,22
154,93;-0,86;2,31;5,23;55,75;48,74;1,22
154,95;-0,86;2,31;5,23;55,75;48,74;1,22
154,97;-0,86;2,31;5,23;55,75;48,74;1,22
154,99;-0,86;2,31;5,23;55,75;48,74;0,67
154,99;-1,66;-1,40;2,47;55,75;48,74;0,67
154,99;-1,66;-1,40;2,47;55,75;48,74;0,67
155,01;-1,66;-1,40;2,47;55,75;48,74;0,67
155,03;-1,66;-1,40;2,47;55,75;48,74;0,67
155,05;-1,66;-1,40;2,47;55,75;48,74;0,67
155,07;-1,66;-1,40;2,47;55,75;48,74;0,67
155,07;-1,66;-1,40;2,47;55,75;48,74;0,67
155,07;-0,46;-2,32;-0,20;55,75;48,74;0,67
155,09;-0,46;-2,32;-0,20;55,75;48,74;0,67
155,11;-0,46;-2,32;-0,20;55,75;48,74;0,67
155,13;-0,46;-2,32;-0,20;55,75;48,74;0,67
155,13;-0,46;-2,32;-0,20;55,75;48,74;0,67
155,13;-0,57;-2,13;-2,22;55,75;48,74;0,67
155,15;-0,57;-2,13;-2,22;55,75;48,74;0,67
155,17;-0,57;-2,13;-2,22;55,75;48,74;0,67
155,19;-0,57;-2,13;-2,22;55,75;48,74;0,67
155,19;-0,57;-2,13;-2,22;55,75;48,74;0,67
155,19;0,39;-1,11;-4,54;55,75;48,74;0,67
155,21;0,39;-1,11;-4,54;55,75;48,74;0,67
155,23;0,39;-1,11;-4,54;55,75;48,74;0,67
155,25;0,39;-1,11;-4,54;55,75;48,74;0,67
155,27;0,39;-1,11;-4,54;55,75;48,74;0,67
155,27;0,39;-1,11;-4,54;55,75;48,74;0,67
155,27;0,52;-0,31;-2,89;55,75;48,74;0,67
155,28;0,52;-0,31;-2,89;55,75;48,74;0,67
155,30;0,52;-0,31;-2,89;55,75;48,74;0,67
155,32;0,52;-0,31;-2,89;55,75;48,74;0,67
155,33;0,52;-0,31;-2,89;55,75;48,74;0,67
155,33;0,10;0,31;-1,37;55,75;48,74;0,67
155,34;0,10;0,31;-1,37;55,75;48,74;0,67
155,36;0,10;0,31;-1,37;55,75;48,74;0,67
155,38;0,10;0,31;-1,37;55,75;48,74;0,67
155,40;0,10;0,31;-1,37;55,75;48,74;0,67
155,40;0,10;0,31;-1,37;55,75;48,74;0,67
155,40;0,92;1,18;3,50;55,75;48,74;0,67
155,42;0,92;1,18;3,50;55,75;48,74;0,67
155,44;0,92;1,18;3,50;55,75;48,74;0,67
155,46;0,92;1,18;3,50;55,75;48,74;0,67
155,46;1,89;2,71;2,82;55,75;48,74;0,67
155,47;1,89;2,71;2,82;55,75;48,74;0,67
155,48;1,89;2,71;2,82;55,75;48,74;0,67
155,50;1,89;2,71;2,82;55,75;48,74;0,67
155,52;1,89;2,71;2,82;55,75;48,74;0,67
155,52;0,95;-0,69;4,77;55,75;48,74;0,67
155,52;0,95;-0,69;4,77;55,75;48,74;0,67
155,54;0,95;-0,69;4,77;55,75;48,74;0,67
155,56;0,95;-0,69;4,77;55,75;48,74;0,67
155,58;0,95;-0,69;4,77;55,75;48,74;0,67
155,60;0,95;-0,69;4,77;55,75;48,74;0,67
155,60;0,95;-0,69;4,77;55,75;48,74;0,67
155,60;1,69;-2,77;1,02;55,75;48,74;0,67
155,62;1,69;-2,77;1,02;55,75;48,74;0,67
155,64;1,69;-2,77;1,02;55,75;48,74;0,67
155,66;1,69;-2,77;1,02;55,75;48,74;0,67
155,66;1,69;-2,77;1,02;55,75;48,74;0,67
155,66;1,51;-1,52;-1,94;55,75;48,74;0,67
155,68;1,51;-1,52;-1,94;55,75;48,74;0,67
155,70;1,51;-1,52;-1,94;55,75;48,74;0,67
155,72;1,51;-1,52;-1,94;55,75;48,74;0,67
155,74;1,51;-1,52;-1,94;55,75;48,74;0,67
155,74;1,51;-1,52;-1,94;55,75;48,74;0,67
155,74;-0,24;-1,38;-4,50;55,75;48,74;0,67
155,76;-0,24;-1,38;-4,50;55,75;48,74;0,67
155,78;-0,24;-1,38;-4,50;55,75;48,74;0,67
155,80;-0,24;-1,38;-4,50;55,75;48,74;0,67
155,80;-0,43;-1,16;-4,88;55,75;48,74;0,67
155,80;-0,43;-1,16;-4,88;55,75;48,74;0,67
155,82;-0,43;-1,16;-4,88;55,75;48,74;0,67
155,84;-0,43;-1,16;-4,88;55,75;48,74;0,67
155,86;-0,43;-1,16;-4,88;55,75;48,74;0,67
155,86;-0,43;-1,16;-4,88;55,75;48,74;0,67
155,86;-1,14;0,09;-2,36;55,75;48,74;0,67
155,88;-1,14;0,09;-2,36;55,75;48,74;0,67
155,89;-1,14;0,09;-2,36;55,75;48,74;0,67
155,91;-1,14;0,09;-2,36;55,75;48,74;0,67
155,93;-1,14;0,09;-2,36;55,75;48,74;0,67
155,94;-1,14;0,09;-2,36;55,75;48,74;0,67
155,94;-0,61;2,05;2,75;55,75;48,74;0,67
155,95;-0,61;2,05;2,75;55,75;48,74;0,67
155,97;-0,61;2,05;2,75;55,75;48,74;0,67
155,99;-0,61;2,05;2,75;55,75;48,74;0,37
155,99;-1,92;2,41;4,57;55,75;48,74;0,37
155,99;-1,92;2,41;4,57;55,75;48,74;0,37
156,01;-1,92;2,41;4,57;55,75;48,74;0,37
156,03;-1,92;2,41;4,57;55,75;48,74;0,37
156,05;-1,92;2,41;4,57;55,75;48,74;0,37
156,07;-1,92;2,41;4,57;55,75;48,74;0,37
156,07;-1,92;2,41;4,57;55,75;48,74;0,37
156,07;-0,10;0,94;7,06;55,75;48,74;0,37
156,09;-0,10;0,94;7,06;55,75;48,74;0,37
156,11;-0,10;0,94;7,06;55,75;48,74;0,37
156,13;-0,10;0,94;7,06;55,75;48,74;0,37
156,13;-0,48;-1,13;0,09;55,75;48,74;0,37
156,13;-0,48;-1,13;0,09;55,75;48,74;0,37
156,15;-0,48;-1,13;0,09;55,75;48,74;0,37
156,17;-0,48;-1,13;0,09;55,75;48,74;0,37
156,19;-0,19;-1,79;-2,22;55,75;48,74;0,37
156,19;-0,19;-1,79;-2,22;55,75;48,74;0,37
156,19;-0,19;-1,79;-2,22;55,75;48,74;0,37
156,21;-0,19;-1,79;-2,22;55,75;48,74;0,37
156,23;-0,19;-1,79;-2,22;55,75;48,74;0,37
156,25;-0,19;-1,79;-2,22;55,75;48,74;0,37
156,27;-0,19;-1,79;-2,22;55,75;48,74;0,37
156,27;-0,80;-1,81;-3,51;55,75;48,74;0,37
156,27;-0,80;-1,81;-3,51;55,75;48,74;0,37
156,29;-0,80;-1,81;-3,51;55,75;48,74;0,37
156,31;-0,80;-1,81;-3,51;55,75;48,74;0,37
156,33;-0,80;-1,81;-3,51;55,75;48,74;0,37
156,33;-0,80;-1,81;-3,51;55,75;48,74;0,37
156,33;-0,20;-0,69;-4,10;55,75;48,74;0,37
156,35;-0,20;-0,69;-4,10;55,75;48,74;0,37
156,37;-0,20;-0,69;-4,10;55,75;48,74;0,37
156,39;-0,20;-0,69;-4,10;55,75;48,74;0,37
156,39;-0,20;-0,69;-4,10;55,75;48,74;0,37
156,39;-0,83;0,20;-1,60;55,75;48,74;0,37
156,41;-0,83;0,20;-1,60;55,75;48,74;0,37
156,43;-0,83;0,20;-1,60;55,75;48,74;0,37
156,45;-0,83;0,20;-1,60;55,75;48,74;0,37
156,47;-0,29;0,95;0,90;55,75;48,74;0,37
156,47;-0,29;0,95;0,90;55,75;48,74;0,37
156,47;-0,29;0,95;0,90;55,75;48,74;0,37
156,48;-0,29;0,95;0,90;55,75;48,74;0,37
156,50;-0,29;0,95;0,90;55,75;48,74;0,37
156,52;-0,29;0,95;0,90;55,75;48,74;0,37
156,53;-0,29;0,95;0,90;55,75;48,74;0,37
156,53;0,85;1,04;2,31;55,75;48,74;0,37
156,54;0,85;1,04;2,31;55,75;48,74;0,37
156,56;0,85;1,04;2,31;55,75;48,74;0,37
156,58;0,85;1,04;2,31;55,75;48,74;0,37
156,60;0,85;1,04;2,31;55,75;48,74;0,37
156,60;0,84;1,56;3,11;55,75;48,74;0,37
156,61;0,84;1,56;3,11;55,75;48,74;0,37
156,62;0,84;1,56;3,11;55,75;48,74;0,37
156,64;0,84;1,56;3,11;55,75;48,74;0,37
156,66;0,84;1,56;3,11;55,75;48,74;0,37
156,66;0,84;1,56;3,11;55,75;48,74;0,37
156,66;0,92;-0,65;3,74;55,75;48,74;0,37
156,68;0,92;-0,65;3,74;55,75;48,74;0,37
156,70;0,92;-0,65;3,74;55,75;48,74;0,37
156,72;0,92;-0,65;3,74;55,75;48,74;0,37
156,72;0,92;-0,65;3,74;55,75;48,74;0,37
156,72;2,19;-1,74;-0,23;55,75;48,74;0,37
156,74;2,19;-1,74;-0,23;55,75;48,74;0,37
156,76;2,19;-1,74;-0,23;55,75;48,74;0,37
156,78;2,19;-1,74;-0,23;55,75;48,74;0,37
156,80;2,19;-1,74;-0,23;55,75;48,74;0,37
156,80;0,75;-1,29;-1,76;55,75;48,74;0,37
156,80;0,75;-1,29;-1,76;55,75;48,74;0,37
156,82;0,75;-1,29;-1,76;55,75;48,74;0,37
156,84;0,75;-1,29;-1,76;55,75;48,74;0,37
156,86;0,75;-1,29;-1,76;55,75;48,74;0,37
156,86;0,75;-1,29;-1,76;55,75;48,74;0,37
156,86;-0,23;-1,21;-4,05;55,75;48,74;0,37
156,88;-0,23;-1,21;-4,05;55,75;48,74;0,37
156,90;-0,23;-1,21;-4,05;55,75;48,74;0,37
156,92;-0,23;-1,21;-4,05;55,75;48,74;0,37
156,94;-0,23;-1,21;-4,05;55,75;48,74;0,37
156,94;-0,28;-0,83;-4,34;55,75;48,74;0,37
156,94;-0,28;-0,83;-4,34;55,75;48,74;0,37
156,96;-0,28;-0,83;-4,34;55,75;48,74;0,37
156,98;-0,28;-0,83;-4,34;55,75;48,74;0,37
157,00;-0,28;-0,83;-4,34;55,75;48,74;0,49
157,00;-0,28;-0,83;-4,34;55,75;48,74;0,49
157,00;-0,94;0,62;-1,78;55,75;48,74;0,49
157,02;-0,94;0,62;-1,78;55,75;48,74;0,49
157,04;-0,94;0,62;-1,78;55,75;48,74;0,49
157,06;-0,94;0,62;-1,78;55,75;48,74;0,49
157,06;-0,94;0,62;-1,78;55,75;48,74;0,49
157,06;-0,37;2,81;2,18;55,75;48,74;0,49
157,07;-0,37;2,81;2,18;55,75;48,74;0,49
157,09;-0,37;2,81;2,18;55,75;48,74;0,49
157,11;-0,37;2,81;2,18;55,75;48,74;0,49
157,13;-0,37;2,81;2,18;55,75;48,74;0,49
157,14;-0,37;2,81;2,18;55,75;48,74;0,49
157,14;-1,05;3,06;5,23;55,75;48,74;0,49
157,15;-1,05;3,06;5,23;55,75;48,74;0,49
157,17;-1,05;3,06;5,23;55,75;48,74;0,49
157,19;-1,05;3,06;5,23;55,75;48,74;0,49
157,19;-1,05;3,06;5,23;55,75;48,74;0,49
157,19;-1,73;0,15;4,90;55,75;48,74;0,49
157,21;-1,73;0,15;4,90;55,75;48,74;0,49
157,23;-1,73;0,15;4,90;55,75;48,74;0,49
157,25;-1,73;0,15;4,90;55,75;48,74;0,49
157,27;-1,73;0,15;4,90;55,75;48,74;0,49
157,27;-1,20;-1,54;1,46;55,75;48,74;0,49
157,28;-1,20;-1,54;1,46;55,75;48,74;0,49
157,29;-1,20;-1,54;1,46;55,75;48,74;0,49
157,31;-1,20;-1,54;1,46;55,75;48,74;0,49
157,33;-1,20;-1,54;1,46;55,75;48,74;0,49
157,33;-0,56;-2,91;0,53;55,75;48,74;0,49
157,33;-0,56;-2,91;0,53;55,75;48,74;0,49
157,35;-0,56;-2,91;0,53;55,75;48,74;0,49
157,37;-0,56;-2,91;0,53;55,75;48,74;0,49
157,39;-0,56;-2,91;0,53;55,75;48,74;0,49
157,39;-0,56;-2,91;0,53;55,75;48,74;0,49
157,39;0,09;-2,43;-3,61;55,75;48,74;0,49
157,41;0,09;-2,43;-3,61;55,75;48,74;0,49
157,43;0,09;-2,43;-3,61;55,75;48,74;0,49
157,45;0,09;-2,43;-3,61;55,75;48,74;0,49
157,47;0,09;-2,43;-3,61;55,75;48,74;0,49
157,47;0,09;-2,43;-3,61;55,75;48,74;0,49
157,47;1,20;-1,46;-5,46;55,75;48,74;0,49
157,49;1,20;-1,46;-5,46;55,75;48,74;0,49
157,51;1,20;-1,46;-5,46;55,75;48,74;0,49
157,53;1,20;-1,46;-5,46;55,75;48,74;0,49
157,53;1,20;-1,46;-5,46;55,75;48,74;0,49
157,53;0,82;-0,28;-3,47;55,75;48,74;0,49
157,55;0,82;-0,28;-3,47;55,75;48,74;0,49
157,57;0,82;-0,28;-3,47;55,75;48,74;0,49
157,59;0,82;-0,28;-3,47;55,75;48,74;0,49
157,59;0,82;-0,28;-3,47;55,75;48,74;0,49
157,59;1,49;1,22;1,20;55,75;48,74;0,49
157,61;1,49;1,22;1,20;55,75;48,74;0,49
157,63;1,49;1,22;1,20;55,75;48,74;0,49
157,65;1,49;1,22;1,20;55,75;48,74;0,49
157,66;1,49;1,22;1,20;55,75;48,74;0,49
157,67;1,49;1,22;1,20;55,75;48,74;0,49
157,67;0,69;2,02;2,96;55,75;48,74;0,49
157,68;0,69;2,02;2,96;55,75;48,74;0,49
157,70;0,69;2,02;2,96;55,75;48,74;0,49
157,72;0,69;2,02;2,96;55,75;48,74;0,49
157,72;2,42;2,22;2,88;55,75;48,74;0,49
157,73;2,42;2,22;2,88;55,75;48,74;0,49
157,74;2,42;2,22;2,88;55,75;48,74;0,49
157,76;2,42;2,22;2,88;55,75;48,74;0,49
157,78;2,42;2,22;2,88;55,75;48,74;0,49
157,80;2,42;2,22;2,88;55,75;48,74;0,49
157,80;0,65;-1,64;3,18;55,75;48,74;0,49
157,81;0,65;-1,64;3,18;55,75;48,74;0,49
157,82;0,65;-1,64;3,18;55,75;48,74;0,49
157,84;0,65;-1,64;3,18;55,75;48,74;0,49
157,86;0,65;-1,64;3,18;55,75;48,74;0,49
157,86;1,08;-2,12;-0,02;55,75;48,74;0,49
157,86;1,08;-2,12;-0,02;55,75;48,74;0,49
157,88;1,08;-2,12;-0,02;55,75;48,74;0,49
157,90;1,08;-2,12;-0,02;55,75;48,74;0,49
157,92;1,08;-2,12;-0,02;55,75;48,74;0,49
157,92;1,08;-2,12;-0,02;55,75;48,74;0,49
157,92;0,22;-1,37;-2,48;55,75;48,74;0,49
157,94;0,22;-1,37;-2,48;55,75;48,74;0,49
157,96;0,22;-1,37;-2,48;55,75;48,74;0,49
157,98;0,22;-1,37;-2,48;55,75;48,74;0,49
158,00;0,22;-1,37;-2,48;55,75;48,74;0,71
158,00;0,22;-1,37;-2,48;55,75;48,74;0,71
158,00;-1,05;-1,24;-4,06;55,75;48,74;0,71
158,02;-1,05;-1,24;-4,06;55,75;48,74;0,71
158,04;-1,05;-1,24;-4,06;55,75;48,74;0,71
158,06;-1,05;-1,24;-4,06;55,75;48,74;0,71
158,06;-0,86;-0,77;-2,86;55,75;48,74;0,71
158,06;-0,86;-0,77;-2,86;55,75;48,74;0,71
158,08;-0,86;-0,77;-2,86;55,75;48,74;0,71
158,10;-0,86;-0,77;-2,86;55,75;48,74;0,71
158,12;-0,86;-0,77;-2,86;55,75;48,74;0,71
158,14;-0,86;-0,77;-2,86;55,75;48,74;0,71
158,14;-1,45;0,90;0,04;55,75;48,74;0,71
158,14;-1,45;0,90;0,04;55,75;48,74;0,71
158,16;-1,45;0,90;0,04;55,75;48,74;0,71
158,18;-1,45;0,90;0,04;55,75;48,74;0,71
158,20;-1,45;0,90;0,04;55,75;48,74;0,71
158,20;-1,45;0,90;0,04;55,75;48,74;0,71
158,20;-1,81;2,61;1,70;55,75;48,74;0,71
158,22;-1,81;2,61;1,70;55,75;48,74;0,71
158,24;-1,81;2,61;1,70;55,75;48,74;0,71
158,25;-1,81;2,61;1,70;55,75;48,74;0,71
158,26;-1,81;2,61;1,70;55,75;48,74;0,71
158,26;-1,88;2,71;3,80;55,75;48,74;0,71
158,27;-1,88;2,71;3,80;55,75;48,74;0,71
158,29;-1,88;2,71;3,80;55,75;48,74;0,71
158,31;-1,88;2,71;3,80;55,75;48,74;0,71
158,33;-1,98;-0,14;6,24;55,75;48,74;0,71
158,34;-1,98;-0,14;6,24;55,75;48,74;0,71
158,34;-1,98;-0,14;6,24;55,75;48,74;0,71
158,35;-1,98;-0,14;6,24;55,75;48,74;0,71
158,37;-1,98;-0,14;6,24;55,75;48,74;0,71
158,39;-1,98;-0,14;6,24;55,75;48,74;0,71
158,39;-0,11;-1,69;1,29;55,75;48,74;0,71
158,39;-0,11;-1,69;1,29;55,75;48,74;0,71
158,41;-0,11;-1,69;1,29;55,75;48,74;0,71
158,43;-0,11;-1,69;1,29;55,75;48,74;0,71
158,45;-0,11;-1,69;1,29;55,75;48,74;0,71
158,47;-0,11;-1,69;1,29;55,75;48,74;0,71
158,47;0,86;-1,98;-2,44;55,75;48,74;0,71
158,47;0,86;-1,98;-2,44;55,75;48,74;0,71
158,49;0,86;-1,98;-2,44;55,75;48,74;0,71
158,51;0,86;-1,98;-2,44;55,75;48,74;0,71
158,53;0,86;-1,98;-2,44;55,75;48,74;0,71
158,53;0,69;-1,60;-3,71;55,75;48,74;0,71
158,53;0,69;-1,60;-3,71;55,75;48,74;0,71
158,55;0,69;-1,60;-3,71;55,75;48,74;0,71
158,57;0,69;-1,60;-3,71;55,75;48,74;0,71
158,59;0,69;-1,60;-3,71;55,75;48,74;0,71
158,59;0,69;-1,60;-3,71;55,75;48,74;0,71
158,59;0,04;-0,82;-2,40;55,75;48,74;0,71
158,61;0,04;-0,82;-2,40;55,75;48,74;0,71
158,63;0,04;-0,82;-2,40;55,75;48,74;0,71
158,65;0,04;-0,82;-2,40;55,75;48,74;0,71
158,67;0,04;-0,82;-2,40;55,75;48,74;0,71
158,67;0,04;-0,82;-2,40;55,75;48,74;0,71
158,67;-0,60;0,04;-1,06;55,75;48,74;0,71
158,69;-0,60;0,04;-1,06;55,75;48,74;0,71
158,71;-0,60;0,04;-1,06;55,75;48,74;0,71
158,73;-0,60;0,04;-1,06;55,75;48,74;0,71
158,73;0,67;1,03;0,77;55,75;48,74;0,71
158,73;0,67;1,03;0,77;55,75;48,74;0,71
158,75;0,67;1,03;0,77;55,75;48,74;0,71
158,77;0,67;1,03;0,77;55,75;48,74;0,71
158,79;0,67;1,03;0,77;55,75;48,74;0,71
158,80;0,67;1,03;0,77;55,75;48,74;0,71
158,81;0,67;1,03;0,77;55,75;48,74;0,71
158,81;1,52;0,32;1,44;55,75;48,74;0,71
158,82;1,52;0,32;1,44;55,75;48,74;0,71
158,84;1,52;0,32;1,44;55,75;48,74;0,71
158,86;1,52;0,32;1,44;55,75;48,74;0,71
158,87;1,52;0,32;1,44;55,75;48,74;0,71
158,87;1,11;0,44;1,81;55,75;48,74;0,71
158,88;1,11;0,44;1,81;55,75;48,74;0,71
158,90;1,11;0,44;1,81;55,75;48,74;0,71
158,92;1,46;-0,84;3,45;55,75;48,74;0,71
158,92;1,46;-0,84;3,45;55,75;48,74;0,71
158,93;1,46;-0,84;3,45;55,75;48,74;0,71
158,94;1,46;-0,84;3,45;55,75;48,74;0,71
158,97;1,46;-0,84;3,45;55,75;48,74;0,71
158,98;1,46;-0,84;3,45;55,75;48,74;0,83
159,00;1,46;-0,84;3,45;55,75;48,74;0,83
159,00;2,01;-0,91;-0,82;55,75;48,74;0,83
159,01;2,01;-0,91;-0,82;55,75;48,74;0,83
159,02;2,01;-0,91;-0,82;55,75;48,74;0,83
159,04;2,01;-0,91;-0,82;55,75;48,74;0,83
159,06;2,01;-0,91;-0,82;55,75;48,74;0,83
159,06;-0,89;-1,18;-2,92;55,75;48,74;0,83
159,07;-0,89;-1,18;-2,92;55,75;48,74;0,83
159,08;-0,89;-1,18;-2,92;55,75;48,74;0,83
159,10;-0,89;-1,18;-2,92;55,75;48,74;0,83
159,12;-0,89;-1,18;-2,92;55,75;48,74;0,83
159,12;-0,89;-1,18;-2,92;55,75;48,74;0,83
159,12;-1,93;-0,49;-3,73;55,75;48,74;0,83
159,14;-1,93;-0,49;-3,73;55,75;48,74;0,83
159,16;-1,93;-0,49;-3,73;55,75;48,74;0,83
159,18;-1,93;-0,49;-3,73;55,75;48,74;0,83
159,20;-1,93;-0,49;-3,73;55,75;48,74;0,83
159,20;-0,74;0,00;-1,77;55,75;48,74;0,83
159,20;-0,74;0,00;-1,77;55,75;48,74;0,83
159,22;-0,74;0,00;-1,77;55,75;48,74;0,83
159,24;-0,74;0,00;-1,77;55,75;48,74;0,83
159,26;-0,74;0,00;-1,77;55,75;48,74;0,83
159,26;-0,74;0,00;-1,77;55,75;48,74;0,83
159,26;-0,24;1,40;0,24;55,75;48,74;0,83
159,28;-0,24;1,40;0,24;55,75;48,74;0,83
159,30;-0,24;1,40;0,24;55,75;48,74;0,83
159,32;-0,24;1,40;0,24;55,75;48,74;0,83
159,34;-0,24;1,40;0,24;55,75;48,74;0,83
159,34;-0,24;1,40;0,24;55,75;48,74;0,83
159,34;-0,91;1,69;1,44;55,75;48,74;0,83
159,36;-0,91;1,69;1,44;55,75;48,74;0,83
159,38;-0,91;1,69;1,44;55,75;48,74;0,83
159,40;-0,91;1,69;1,44;55,75;48,74;0,83
159,40;-0,91;1,69;1,44;55,75;48,74;0,83
159,40;-1,60;1,48;3,61;55,75;48,74;0,83
159,41;-1,60;1,48;3,61;55,75;48,74;0,83
159,43;-1,60;1,48;3,61;55,75;48,74;0,83
159,45;-1,60;1,48;3,61;55,75;48,74;0,83
159,46;-1,60;1,48;3,61;55,75;48,74;0,83
159,46;-1,74;-0,64;4,34;55,75;48,74;0,83
159,47;-1,74;-0,64;4,34;55,75;48,74;0,83
159,49;-1,74;-0,64;4,34;55,75;48,74;0,83
159,51;-1,74;-0,64;4,34;55,75;48,74;0,83
159,53;-1,74;-0,64;4,34;55,75;48,74;0,83
159,53;-0,44;-0,86;0,12;55,75;48,74;0,83
159,54;-0,44;-0,86;0,12;55,75;48,74;0,83
159,55;-0,44;-0,86;0,12;55,75;48,74;0,83
159,57;-0,44;-0,86;0,12;55,75;48,74;0,83
159,59;-0,44;-0,86;0,12;55,75;48,74;0,83
159,59;0,05;-1,10;-1,27;55,75;48,74;0,83
159,59;0,05;-1,10;-1,27;55,75;48,74;0,83
159,61;0,05;-1,10;-1,27;55,75;48,74;0,83
159,63;0,05;-1,10;-1,27;55,75;48,74;0,83
159,65;0,05;-1,10;-1,27;55,75;48,74;0,83
159,67;0,05;-1,10;-1,27;55,75;48,74;0,83
159,67;0,06;-1,52;-2,92;55,75;48,74;0,83
159,67;0,06;-1,52;-2,92;55,75;48,74;0,83
159,69;0,06;-1,52;-2,92;55,75;48,74;0,83
159,71;0,06;-1,52;-2,92;55,75;48,74;0,83
159,73;0,06;-1,52;-2,92;55,75;48,74;0,83
159,73;0,50;-0,59;-3,52;55,75;48,74;0,83
159,73;0,50;-0,59;-3,52;55,75;48,74;0,83
159,75;0,50;-0,59;-3,52;55,75;48,74;0,83
159,77;0,50;-0,59;-3,52;55,75;48,74;0,83
159,79;0,50;-0,59;-3,52;55,75;48,74;0,83
159,79;0,50;-0,59;-3,52;55,75;48,74;0,83
159,79;0,69;0,13;-0,01;55,75;48,74;0,83
159,81;0,69;0,13;-0,01;55,75;48,74;0,83
159,83;0,69;0,13;-0,01;55,75;48,74;0,83
159,85;0,69;0,13;-0,01;55,75;48,74;0,83
159,87;0,69;0,13;-0,01;55,75;48,74;0,83
159,87;0,69;0,13;-0,01;55,75;48,74;0,83
159,87;1,02;0,76;1,34;55,75;48,74;0,83
159,89;1,02;0,76;1,34;55,75;48,74;0,83
159,91;1,02;0,76;1,34;55,75;48,74;0,83
159,93;1,02;0,76;1,34;55,75;48,74;0,83
159,93;1,02;0,76;1,34;55,75;48,74;0,83
159,93;1,11;1,51;1,58;55,75;48,74;0,83
159,95;1,11;1,51;1,58;55,75;48,74;0,83
159,97;1,11;1,51;1,58;55,75;48,74;0,83
159,98;1,11;1,51;1,58;55,75;48,74;0,59
160,00;1,11;1,51;1,58;55,75;48,74;0,59
160,01;1,26;-0,45;3,18;55,75;48,74;0,59
160,01;1,26;-0,45;3,18;55,75;48,74;0,59
160,02;1,26;-0,45;3,18;55,75;48,74;0,59
160,04;1,26;-0,45;3,18;55,75;48,74;0,59
160,06;1,36;-1,05;1,89;55,75;48,74;0,59
160,07;1,36;-1,05;1,89;55,75;48,74;0,59
160,07;1,36;-1,05;1,89;55,75;48,74;0,59
160,08;1,36;-1,05;1,89;55,75;48,74;0,59
160,10;1,36;-1,05;1,89;55,75;48,74;0,59
160,12;1,36;-1,05;1,89;55,75;48,74;0,59
160,12;2,03;-0,66;-1,95;55,75;48,74;0,59
160,13;2,03;-0,66;-1,95;55,75;48,74;0,59
160,14;2,03;-0,66;-1,95;55,75;48,74;0,59
160,16;2,03;-0,66;-1,95;55,75;48,74;0,59
160,18;2,03;-0,66;-1,95;55,75;48,74;0,59
160,20;2,03;-0,66;-1,95;55,75;48,74;0,59
160,20;-1,07;-1,30;-3,96;55,75;48,74;0,59
160,20;-1,07;-1,30;-3,96;55,75;48,74;0,59
160,22;-1,07;-1,30;-3,96;55,75;48,74;0,59
160,24;-1,07;-1,30;-3,96;55,75;48,74;0,59
160,26;-1,07;-1,30;-3,96;55,75;48,74;0,59
160,26;-1,07;-1,30;-3,96;55,75;48,74;0,59
160,26;-0,83;-1,15;-3,86;55,75;48,74;0,59
160,28;-0,83;-1,15;-3,86;55,75;48,74;0,59
160,30;-0,83;-1,15;-3,86;55,75;48,74;0,59
160,32;-0,83;-1,15;-3,86;55,75;48,74;0,59
160,32;-0,83;-1,15;-3,86;55,75;48,74;0,59
160,32;-0,96;-0,10;-1,28;55,75;48,74;0,59
160,34;-0,96;-0,10;-1,28;55,75;48,74;0,59
160,36;-0,96;-0,10;-1,28;55,75;48,74;0,59
160,38;-0,96;-0,10;-1,28;55,75;48,74;0,59
160,40;-0,96;-0,10;-1,28;55,75;48,74;0,59
160,40;-0,96;-0,10;-1,28;55,75;48,74;0,59
160,40;-1,41;1,92;1,22;55,75;48,74;0,59
160,42;-1,41;1,92;1,22;55,75;48,74;0,59
160,44;-1,41;1,92;1,22;55,75;48,74;0,59
160,46;-1,41;1,92;1,22;55,75;48,74;0,59
160,46;-1,41;1,92;1,22;55,75;48,74;0,59
160,46;-0,37;2,84;3,49;55,75;48,74;0,59
160,48;-0,37;2,84;3,49;55,75;48,74;0,59
160,50;-0,37;2,84;3,49;55,75;48,74;0,59
160,52;-0,37;2,84;3,49;55,75;48,74;0,59
160,54;-0,37;2,84;3,49;55,75;48,74;0,59
160,54;-0,37;2,84;3,49;55,75;48,74;0,59
160,54;-0,33;1,05;5,77;55,75;48,74;0,59
160,56;-0,33;1,05;5,77;55,75;48,74;0,59
160,58;-0,33;1,05;5,77;55,75;48,74;0,59
160,60;-0,33;1,05;5,77;55,75;48,74;0,59
160,60;-0,33;1,05;5,77;55,75;48,74;0,59
160,60;-1,45;-0,68;1,03;55,75;48,74;0,59
160,61;-1,45;-0,68;1,03;55,75;48,74;0,59
160,63;-1,45;-0,68;1,03;55,75;48,74;0,59
160,65;-0,59;-1,49;-0,61;55,75;48,74;0,59
160,66;-0,59;-1,49;-0,61;55,75;48,74;0,59
160,66;-0,59;-1,49;-0,61;55,75;48,74;0,59
160,67;-0,59;-1,49;-0,61;55,75;48,74;0,59
160,69;-0,59;-1,49;-0,61;55,75;48,74;0,59
160,71;-0,59;-1,49;-0,61;55,75;48,74;0,59
160,73;-0,59;-1,49;-0,61;55,75;48,74;0,59
160,74;-0,59;-1,49;-0,61;55,75;48,74;0,59
160,74;-0,35;-1,74;-2,01;55,75;48,74;0,59
160,75;-0,35;-1,74;-2,01;55,75;48,74;0,59
160,77;-0,35;-1,74;-2,01;55,75;48,74;0,59
160,79;-0,35;-1,74;-2,01;55,75;48,74;0,59
160,79;0,10;-1,35;-3,50;55,75;48,74;0,59
160,79;0,10;-1,35;-3,50;55,75;48,74;0,59
160,81;0,10;-1,35;-3,50;55,75;48,74;0,59
160,83;0,10;-1,35;-3,50;55,75;48,74;0,59
160,85;0,10;-1,35;-3,50;55,75;48,74;0,59
160,87;0,10;-1,35;-3,50;55,75;48,74;0,59
160,87;0,10;-1,35;-3,50;55,75;48,74;0,59
160,87;0,64;-0,54;-3,12;55,75;48,74;0,59
160,89;0,64;-0,54;-3,12;55,75;48,74;0,59
160,91;0,64;-0,54;-3,12;55,75;48,74;0,59
160,93;0,64;-0,54;-3,12;55,75;48,74;0,59
160,93;0,72;0,27;0,83;55,75;48,74;0,59
160,93;0,72;0,27;0,83;55,75;48,74;0,59
160,95;0,72;0,27;0,83;55,75;48,74;0,59
160,97;0,72;0,27;0,83;55,75;48,74;0,59
160,99;0,72;0,27;0,83;55,75;48,74;0,76
160,99;0,72;0,27;0,83;55,75;48,74;0,76
160,99;1,21;0,76;2,44;55,75;48,74;0,76
161,01;1,21;0,76;2,44;55,75;48,74;0,76
161,03;1,21;0,76;2,44;55,75;48,74;0,76
161,05;1,21;0,76;2,44;55,75;48,74;0,76
161,07;1,21;0,76;2,44;55,75;48,74;0,76
161,07;1,36;1,66;2,09;55,75;48,74;0,76
161,07;1,36;1,66;2,09;55,75;48,74;0,76
161,09;1,36;1,66;2,09;55,75;48,74;0,76
161,11;1,36;1,66;2,09;55,75;48,74;0,76
161,13;1,36;1,66;2,09;55,75;48,74;0,76
161,13;1,55;-0,24;1,91;55,75;48,74;0,76
161,13;1,55;-0,24;1,91;55,75;48,74;0,76
161,15;1,55;-0,24;1,91;55,75;48,74;0,76
161,16;1,55;-0,24;1,91;55,75;48,74;0,76
161,18;1,55;-0,24;1,91;55,75;48,74;0,76
161,20;1,55;-0,24;1,91;55,75;48,74;0,76
161,21;1,05;-1,25;0,15;55,75;48,74;0,76
161,21;1,05;-1,25;0,15;55,75;48,74;0,76
161,22;1,05;-1,25;0,15;55,75;48,74;0,76
161,24;1,05;-1,25;0,15;55,75;48,74;0,76
161,26;1,05;-1,25;0,15;55,75;48,74;0,76
161,27;1,05;-1,25;0,15;55,75;48,74;0,76
161,27;0,18;-1,75;-0,60;55,75;48,74;0,76
161,28;0,18;-1,75;-0,60;55,75;48,74;0,76
161,30;0,18;-1,75;-0,60;55,75;48,74;0,76
161,32;0,18;-1,75;-0,60;55,75;48,74;0,76
161,32;0,18;-1,75;-0,60;55,75;48,74;0,76
161,32;-1,80;-1,22;-3,55;55,75;48,74;0,76
161,34;-1,80;-1,22;-3,55;55,75;48,74;0,76
161,36;-1,80;-1,22;-3,55;55,75;48,74;0,76
161,38;-1,80;-1,22;-3,55;55,75;48,74;0,76
161,40;-1,80;-1,22;-3,55;55,75;48,74;0,76
161,40;-1,80;-1,22;-3,55;55,75;48,74;0,76
161,40;-1,15;-0,19;-3,10;55,75;48,74;0,76
161,42;-1,15;-0,19;-3,10;55,75;48,74;0,76
161,44;-1,15;-0,19;-3,10;55,75;48,74;0,76
161,46;-1,15;-0,19;-3,10;55,75;48,74;0,76
161,46;-1,15;-0,19;-3,10;55,75;48,74;0,76
161,46;-1,09;0,94;-0,18;55,75;48,74;0,76
161,48;-1,09;0,94;-0,18;55,75;48,74;0,76
161,50;-1,09;0,94;-0,18;55,75;48,74;0,76
161,52;-1,09;0,94;-0,18;55,75;48,74;0,76
161,52;-1,09;0,94;-0,18;55,75;48,74;0,76
161,52;-0,59;2,35;1,01;55,75;48,74;0,76
161,54;-0,59;2,35;1,01;55,75;48,74;0,76
161,56;-0,59;2,35;1,01;55,75;48,74;0,76
161,58;-0,59;2,35;1,01;55,75;48,74;0,76
161,60;-0,59;2,35;1,01;55,75;48,74;0,76
161,60;-0,59;2,35;1,01;55,75;48,74;0,76
161,60;-0,83;2,32;2,47;55,75;48,74;0,76
161,62;-0,83;2,32;2,47;55,75;48,74;0,76
161,64;-0,83;2,32;2,47;55,75;48,74;0,76
161,66;-0,83;2,32;2,47;55,75;48,74;0,76
161,66;-1,48;1,45;3,72;55,75;48,74;0,76
161,66;-1,48;1,45;3,72;55,75;48,74;0,76
161,68;-1,48;1,45;3,72;55,75;48,74;0,76
161,70;-1,48;1,45;3,72;55,75;48,74;0,76
161,72;-1,48;1,45;3,72;55,75;48,74;0,76
161,74;-1,48;1,45;3,72;55,75;48,74;0,76
161,74;-1,81;-0,97;3,44;55,75;48,74;0,76
161,74;-1,81;-0,97;3,44;55,75;48,74;0,76
161,76;-1,81;-0,97;3,44;55,75;48,74;0,76
161,77;-1,81;-0,97;3,44;55,75;48,74;0,76
161,80;-1,81;-0,97;3,44;55,75;48,74;0,76
161,80;-1,81;-0,97;3,44;55,75;48,74;0,76
161,80;0,21;-1,56;-0,16;55,75;48,74;0,76
161,81;0,21;-1,56;-0,16;55,75;48,74;0,76
161,83;0,21;-1,56;-0,16;55,75;48,74;0,76
161,85;0,21;-1,56;-0,16;55,75;48,74;0,76
161,85;0,21;-1,56;-0,16;55,75;48,74;0,76
161,86;0,10;-2,36;-1,92;55,75;48,74;0,76
161,87;0,10;-2,36;-1,92;55,75;48,74;0,76
161,89;0,10;-2,36;-1,92;55,75;48,74;0,76
161,91;0,10;-2,36;-1,92;55,75;48,74;0,76
161,93;0,10;-2,36;-1,92;55,75;48,74;0,76
161,93;0,10;-2,36;-1,92;55,75;48,74;0,76
161,93;-0,22;-2,00;-3,78;55,75;48,74;0,76
161,96;-0,22;-2,00;-3,78;55,75;48,74;0,76
161,97;-0,22;-2,00;-3,78;55,75;48,74;0,76
161,99;-0,22;-2,00;-3,78;55,75;48,74;0,79
161,99;-0,22;-2,00;-3,78;55,75;48,74;0,79
161,99;0,55;-0,87;-2,26;55,75;48,74;0,79
162,01;0,55;-0,87;-2,26;55,75;48,74;0,79
162,03;0,55;-0,87;-2,26;55,75;48,74;0,79
162,05;0,55;-0,87;-2,26;55,75;48,74;0,79
162,07;0,55;-0,87;-2,26;55,75;48,74;0,79
162,07;0,55;-0,87;-2,26;55,75;48,74;0,79
162,07;0,55;-0,28;0,22;55,75;48,74;0,79
162,09;0,55;-0,28;0,22;55,75;48,74;0,79
162,11;0,55;-0,28;0,22;55,75;48,74;0,79
162,13;0,55;-0,28;0,22;55,75;48,74;0,79
162,13;1,76;0,73;0,95;55,75;48,74;0,79
162,13;1,76;0,73;0,95;55,75;48,74;0,79
162,15;1,76;0,73;0,95;55,75;48,74;0,79
162,17;1,76;0,73;0,95;55,75;48,74;0,79
162,19;1,76;0,73;0,95;55,75;48,74;0,79
162,19;1,96;0,90;1,96;55,75;48,74;0,79
162,19;1,96;0,90;1,96;55,75;48,74;0,79
162,21;1,96;0,90;1,96;55,75;48,74;0,79
162,23;1,96;0,90;1,96;55,75;48,74;0,79
162,25;1,96;0,90;1,96;55,75;48,74;0,79
162,27;1,96;0,90;1,96;55,75;48,74;0,79
162,27;2,12;-0,50;2,54;55,75;48,74;0,79
162,27;2,12;-0,50;2,54;55,75;48,74;0,79
162,29;2,12;-0,50;2,54;55,75;48,74;0,79
162,31;2,12;-0,50;2,54;55,75;48,74;0,79
162,33;2,12;-0,50;2,54;55,75;48,74;0,79
162,33;2,12;-0,50;2,54;55,75;48,74;0,79
162,33;2,49;-0,62;0,84;55,75;48,74;0,79
162,35;2,49;-0,62;0,84;55,75;48,74;0,79
162,36;2,49;-0,62;0,84;55,75;48,74;0,79
162,38;2,49;-0,62;0,84;55,75;48,74;0,79
162,40;2,49;-0,62;0,84;55,75;48,74;0,79
162,41;2,49;-0,62;0,84;55,75;48,74;0,79
162,41;0,72;-0,34;-1,30;55,75;48,74;0,79
162,42;0,72;-0,34;-1,30;55,75;48,74;0,79
162,44;0,72;-0,34;-1,30;55,75;48,74;0,79
162,46;0,72;-0,34;-1,30;55,75;48,74;0,79
162,46;0,72;-0,34;-1,30;55,75;48,74;0,79
162,47;-1,56;-0,71;-3,15;55,75;48,74;0,79
162,48;-1,56;-0,71;-3,15;55,75;48,74;0,79
162,50;-1,56;-0,71;-3,15;55,75;48,74;0,79
162,52;-1,56;-0,71;-3,15;55,75;48,74;0,79
162,52;-0,27;-0,08;-3,00;55,75;48,74;0,79
162,52;-0,27;-0,08;-3,00;55,75;48,74;0,79
162,54;-0,27;-0,08;-3,00;55,75;48,74;0,79
162,56;-0,27;-0,08;-3,00;55,75;48,74;0,79
162,58;-0,27;-0,08;-3,00;55,75;48,74;0,79
162,60;-0,27;-0,08;-3,00;55,75;48,74;0,79
162,60;-0,27;-0,08;-3,00;55,75;48,74;0,79
162,60;-0,58;0,44;-0,57;55,75;48,74;0,79
162,62;-0,58;0,44;-0,57;55,75;48,74;0,79
162,64;-0,58;0,44;-0,57;55,75;48,74;0,79
162,66;-0,58;0,44;-0,57;55,75;48,74;0,79
162,66;-0,58;0,44;-0,57;55,75;48,74;0,79
162,66;-0,20;1,26;0,46;55,75;48,74;0,79
162,68;-0,20;1,26;0,46;55,75;48,74;0,79
162,70;-0,20;1,26;0,46;55,75;48,74;0,79
162,72;-0,20;1,26;0,46;55,75;48,74;0,79
162,74;-0,20;1,26;0,46;55,75;48,74;0,79
162,74;-0,20;1,26;0,46;55,75;48,74;0,79
162,74;-0,81;1,29;2,34;55,75;48,74;0,79
162,76;-0,81;1,29;2,34;55,75;48,74;0,79
162,78;-0,81;1,29;2,34;55,75;48,74;0,79
162,80;-0,81;1,29;2,34;55,75;48,74;0,79
162,80;-1,28;-0,48;4,75;55,75;48,74;0,79
162,80;-1,28;-0,48;4,75;55,75;48,74;0,79
162,82;-1,28;-0,48;4,75;55,75;48,74;0,79
162,84;-1,28;-0,48;4,75;55,75;48,74;0,79
162,86;-1,28;-0,48;4,75;55,75;48,74;0,79
162,86;-1,09;-0,39;0,57;55,75;48,74;0,79
162,86;-1,09;-0,39;0,57;55,75;48,74;0,79
162,88;-1,09;-0,39;0,57;55,75;48,74;0,79
162,90;-1,09;-0,39;0,57;55,75;48,74;0,79
162,92;-1,09;-0,39;0,57;55,75;48,74;0,79
162,94;-1,09;-0,39;0,57;55,75;48,74;0,79
162,94;-1,07;-0,81;-0,57;55,75;48,74;0,79
162,94;-1,07;-0,81;-0,57;55,75;48,74;0,79
162,96;-1,07;-0,81;-0,57;55,75;48,74;0,79
162,97;-1,07;-0,81;-0,57;55,75;48,74;0,79
162,99;-1,07;-0,81;-0,57;55,75;48,74;0,55
163,00;-0,48;-0,84;-1,45;55,75;48,74;0,55
163,00;-0,48;-0,84;-1,45;55,75;48,74;0,55
163,01;-0,48;-0,84;-1,45;55,75;48,74;0,55
163,03;-0,48;-0,84;-1,45;55,75;48,74;0,55
163,05;-0,48;-0,84;-1,45;55,75;48,74;0,55
163,05;-0,48;-0,84;-1,45;55,75;48,74;0,55
163,05;-0,22;-0,72;-2,80;55,75;48,74;0,55
163,07;-0,22;-0,72;-2,80;55,75;48,74;0,55
163,09;-0,22;-0,72;-2,80;55,75;48,74;0,55
163,11;-0,22;-0,72;-2,80;55,75;48,74;0,55
163,13;-0,22;-0,72;-2,80;55,75;48,74;0,55
163,13;-0,22;-0,72;-2,80;55,75;48,74;0,55
163,13;-0,21;0,02;-2,29;55,75;48,74;0,55
163,15;-0,21;0,02;-2,29;55,75;48,74;0,55
163,17;-0,21;0,02;-2,29;55,75;48,74;0,55
163,19;-0,21;0,02;-2,29;55,75;48,74;0,55
163,19;0,32;0,56;-0,08;55,75;48,74;0,55
163,19;0,32;0,56;-0,08;55,75;48,74;0,55
163,21;0,32;0,56;-0,08;55,75;48,74;0,55
163,23;0,32;0,56;-0,08;55,75;48,74;0,55
163,25;0,32;0,56;-0,08;55,75;48,74;0,55
163,27;0,32;0,56;-0,08;55,75;48,74;0,55
163,27;0,32;0,56;-0,08;55,75;48,74;0,55
163,27;0,60;0,71;2,09;55,75;48,74;0,55
163,29;0,60;0,71;2,09;55,75;48,74;0,55
163,31;0,60;0,71;2,09;55,75;48,74;0,55
163,33;0,60;0,71;2,09;55,75;48,74;0,55
163,33;0,60;0,71;2,09;55,75;48,74;0,55
163,33;1,63;0,81;1,82;55,75;48,74;0,55
163,35;1,63;0,81;1,82;55,75;48,74;0,55
163,37;1,63;0,81;1,82;55,75;48,74;0,55
